Tool-HazardMap/Data/MeanMaxDayRain.asc
ncols         720
nrows         360
xllcorner     -180.000000000000
yllcorner     -90.000000000000
cellsize      0.500000000000
NODATA_value  -9999
[rows 252 to 279 of 360, columns 441 to 503 of 720]
56.83895 54.02805 51.53941 52.94879 51.68385 52.27439 54.24436 52.82466 52.39288 54.48618 56.04453 54.88570 52.19353 51.44832 52.22986 52.74010 51.17581 52.90127 53.72256 54.07227 54.60749 55.05523 53.77047 54.16759 54.31543 52.49306 52.15962 52.02988 52.85182 53.40605 55.34017 55.06053 49.51992 47.58773 48.32921 52.63007 56.49927 54.76806 49.98089 48.24698 48.26782 47.98042 48.65784 50.04556 50.87167 50.87717 49.01569 47.98805 46.92612 46.20838 46.30529 47.56609 49.16172 49.39240 49.24123 48.23971 48.02771 47.64303 47.05781 45.74217 43.83221 42.15923 39.55251
55.78819 54.35622 53.40140 54.33689 52.64939 51.87428 52.35526 52.79382 52.88066 55.63233 58.91886 57.90151 56.88558 56.56915 55.83608 53.10408 51.54605 52.61697 52.82328 51.91553 51.71559 52.76677 50.89796 49.39329 50.23191 50.25784 51.40177 52.63611 55.65550 56.36923 55.45367 56.70925 54.50360 49.41264 46.93418 47.93158 51.64771 54.43729 53.83150 51.28105 49.68555 47.96863 48.43032 49.88013 50.76434 50.29013 48.95487 48.26810 47.56961 47.98424 47.22170 44.92382 44.86971 46.68918 50.01326 51.28536 50.27895 47.40739 46.72226 47.29638 46.01944 43.98020 42.45779
55.29624 53.53828 53.75998 54.81529 53.44237 52.89856 55.03055 55.90536 56.83296 56.47942 58.49748 59.41141 59.82073 58.84736 58.69320 57.21498 53.95822 55.13017 56.19382 54.81118 52.78412 53.05083 53.26251 50.92747 49.74085 49.99129 50.14660 50.36318 51.77648 52.57842 54.94223 56.04824 57.47692 54.37377 50.17927 49.12323 50.39224 50.77164 51.11729 52.35804 54.63702 53.60519 51.23634 50.76914 50.76394 50.88139 48.08574 46.82887 48.11391 48.34680 46.83688 46.13666 44.20516 44.94215 46.70904 47.96861 50.11916 49.26459 46.98452 47.08049 46.80856 46.02468 45.54518
52.92822 52.71551 52.88896 52.29537 52.96589 52.81134 54.22415 56.51498 59.17751 59.68620 57.32418 58.18233 59.40692 59.42067 59.35058 59.00625 57.09978 55.44382 54.52975 54.56422 53.66266 53.10897 53.00092 52.05929 50.32035 48.80186 48.16054 48.84625 49.98162 49.28852 51.09597 52.10173 52.83044 53.60840 52.47288 49.16858 49.29278 50.48732 50.83419 50.08254 50.95887 52.86041 53.15510 51.94615 50.61436 50.56509 49.89961 48.13656 46.29366 46.80070 45.90553 44.52667 43.44036 44.43247 45.90188 46.38441 48.07388 48.67098 47.73529 47.14732 46.85062 46.28167 46.52248
53.67470 52.70759 52.26874 50.82828 51.78471 51.16658 53.13835 53.72426 56.05931 56.97154 56.64681 55.12525 56.30045 55.46374 54.99970 55.29633 55.64321 57.32335 55.76114 53.56853 52.08925 51.39310 50.29677 48.71795 48.32251 49.56594 47.67708 46.19271 46.21326 47.53941 49.13935 48.46038 47.10849 47.21221 48.91375 48.88860 47.49887 47.45022 49.13572 50.68483 50.42372 49.88159 49.24071 49.73811 49.76387 49.76330 48.98477 49.60052 47.97420 46.41115 44.11857 44.22802 43.91854 42.58557 43.78222 45.82386 46.53143 46.19343 45.85181 45.66795 45.66444 45.01027 44.72974
52.15669 52.06393 51.28123 50.54322 48.66290 48.50995 50.07261 51.21735 52.66875 55.23711 55.70443 55.53164 54.89572 56.11590 56.12176 54.67480 52.50109 52.08088 52.69870 52.14606 51.04244 50.41626 49.55232 48.39302 48.80921 48.79199 48.45569 46.93872 45.64706 45.99672 47.44565 48.24723 47.27388 46.40252 46.00858 48.43476 47.91020 46.46303 45.87194 47.35588 48.49464 48.93122 48.95503 49.72897 49.98453 49.65501 49.16608 49.10646 49.01072 47.39150 46.09073 45.08750 43.93440 42.48187 41.72001 43.99707 45.25221 45.28834 45.04172 45.08672 45.44461 44.20960 44.28033
48.97755 49.15157 48.86464 49.57420 49.58984 48.94800 48.65441 48.59324 48.28222 50.80632 53.42634 53.26390 51.75441 51.49170 52.00182 53.53617 52.44492 51.82632 50.82710 50.32473 49.06757 47.70928 47.87870 48.36271 48.44478 48.26149 47.88863 46.74711 44.88985 44.83564 45.21393 46.30347 47.77105 47.82902 46.03384 46.52547 47.78464 46.59423 45.89313 45.99972 46.62771 46.43739 46.88332 47.53489 47.91905 48.99658 49.04892 49.68222 49.36087 48.37465 47.66469 47.48730 46.13747 45.26991 44.26652 44.42722 44.88885 44.63179 43.54789 42.91465 43.26836 43.68815 44.67305
47.23237 46.80327 46.03503 46.00324 46.34166 47.14720 47.95722 46.92593 45.68677 46.93687 49.37185 49.02946 48.33027 48.19373 49.45700 51.43660 50.81386 49.49948 49.27706 48.56351 46.55456 46.01642 45.54125 44.91783 45.17509 45.13878 45.00947 43.71049 42.83476 42.40381 41.51742 42.10118 44.00930 45.43389 45.61217 45.81719 45.30414 45.83749 45.13690 44.88135 44.75723 43.81072 43.54441 44.55068 44.20598 43.82120 43.99310 45.11331 46.99634 46.80675 45.39188 45.86957 44.88327 44.66260 43.92357 44.04843 44.58106 43.18072 42.10929 42.56778 41.50430 42.07190 42.08719
44.58469 44.47984 45.12547 46.50206 45.07287 44.09066 46.13210 46.74919 44.97500 44.68334 46.28361 46.69138 45.63725 45.24444 46.46710 47.81776 47.69957 47.51020 46.24372 46.33936 45.11854 45.59158 45.23850 43.71098 42.21008 42.96658 43.40958 42.34462 42.38386 42.55712 41.24395 40.69696 41.37784 42.76536 43.56213 43.91338 44.28277 44.64474 44.12591 43.15460 42.82681 41.61772 41.09171 41.14885 41.70847 40.91324 39.93955 39.74400 41.49168 41.79102 41.96239 43.07078 43.13143 42.63644 42.16885 42.25980 43.00853 42.52903 41.49303 41.91354 42.07820 42.67851 41.78181
46.40866 44.96807 44.31049 46.58996 48.13983 47.06264 45.73315 46.57083 47.32054 47.42811 46.71520 45.80792 45.72343 46.08744 46.75727 47.96136 48.40891 46.77914 46.12816 46.35085 47.61492 47.38791 47.66559 46.22420 44.82117 43.90969 43.42172 42.30192 42.20500 42.87968 43.35623 42.84824 42.30574 41.85657 42.00518 43.02246 44.08962 44.44422 43.33271 42.78019 42.11168 43.15125 42.17996 41.24701 42.19294 41.53690 39.91302 39.04986 40.63789 42.52697 41.51902 40.86370 41.94053 42.31941 42.49826 41.44100 40.54347 40.40793 41.73842 41.75115 42.00391 41.74597 39.83058
47.39012 47.36812 45.55021 44.61688 46.54480 48.10540 47.63985 45.94938 44.56621 45.28601 46.58961 46.71226 46.43991 45.99471 46.47935 46.38625 46.33505 45.83185 45.97063 46.04325 46.77934 47.01437 46.78067 45.40234 44.60105 43.37932 43.01164 41.45059 39.59831 40.15575 41.32783 42.31774 43.10706 43.27341 41.78136 42.33696 43.47074 43.41654 42.65512 42.26154 41.52441 40.42187 40.77767 41.10408 42.67263 43.34487 41.75963 40.81084 39.52901 41.43035 42.63701 40.62962 39.75398 39.49302 40.58074 41.30489 41.03088 39.16548 37.73602 38.61962 37.87985 38.14802 37.17898
44.99203 44.30986 45.34334 44.41424 43.08212 44.55559 46.83504 46.37306 44.96901 43.92242 44.06842 44.49879 45.20025 46.59728 46.75247 46.01172 45.23277 44.29335 44.27970 44.57637 45.60589 46.32275 45.51965 44.06219 42.83161 41.76567 40.85775 41.06999 40.27545 39.60397 39.43847 39.81535 40.57950 41.94776 41.72867 41.45903 41.88157 42.68286 41.27583 39.84829 39.88461 40.02403 39.76511 39.19032 39.14738 40.37450 41.34071 41.12784 39.32118 39.15492 40.40870 40.17454 38.84766 38.08463 38.45365 38.66740 39.31412 38.82078 37.39581 36.71563 36.18242 35.10154 33.94736
44.41964 43.98063 44.76729 45.60660 45.54989 43.50862 43.66548 44.08596 43.74179 43.74962 44.19853 44.65410 43.66053 44.37029 46.47162 47.42925 46.74597 44.36626 43.70870 44.01881 44.71316 45.56726 47.00108 45.46369 43.56727 41.97475 41.06613 40.78314 39.96971 39.36257 39.63065 40.38863 40.04834 41.25521 41.93957 42.28516 41.16820 40.39950 39.22225 38.78150 38.78949 38.87062 38.89684 38.86564 39.33656 39.44964 39.86723 39.56169 39.12231 38.85410 38.39717 37.78229 36.86296 36.33752 37.41409 37.99872 37.33846 37.35928 37.71958 38.46497 38.24314 37.06860 35.01520
41.78282 43.59674 43.71489 45.14951 46.51282 46.93994 44.24055 42.57126 41.72372 42.67339 43.01942 43.27726 44.43175 43.86898 43.56615 45.34948 46.03405 44.72533 43.58482 43.89514 43.48689 42.38712 43.36460 44.54312 44.17198 43.36290 42.39197 42.52016 41.97309 41.21673 40.43394 39.86441 40.11938 40.91493 41.73250 43.35855 44.22834 41.81430 40.38805 39.35376 39.21050 38.98483 38.68667 38.10524 39.49337 39.80825 40.16747 40.92604 40.73257 39.61567 39.33455 39.02356 37.44688 35.55186 35.73297 37.33679 38.65770 38.80694 37.97931 37.16194 37.01895 37.04970 36.07208
38.36736 39.05595 41.40045 43.39307 43.48373 43.84025 44.79852 44.08958 41.78503 41.65136 42.17342 41.98691 42.13139 43.16534 43.53439 42.35322 42.48851 42.50866 42.07267 41.76129 42.43487 41.86748 39.85016 39.42009 41.26598 41.98537 41.12921 40.65611 40.63280 41.22558 41.91531 41.56099 40.39435 39.96291 40.66240 41.84297 43.25856 43.94526 41.74522 40.06031 39.61416 39.46165 38.25400 37.17444 38.27645 39.58854 39.75516 40.22553 40.29020 40.27836 40.20952 40.07580 39.05643 36.95944 36.02254 36.14360 37.12205 37.53312 37.96325 36.85476 35.76892 35.36107 34.94576
38.15982 37.93607 37.75633 39.45071 40.71038 41.94080 43.45000 44.00232 41.90885 41.40152 42.16768 41.86957 41.49649 41.87839 42.07670 42.83907 43.27032 41.07991 39.84722 39.37891 39.11354 40.26948 41.42635 40.32785 38.64720 38.93901 38.99824 39.00204 38.85422 38.50040 39.25508 41.05196 41.56824 40.16297 39.71858 40.96668 41.71254 41.42337 40.23775 39.05133 38.63485 38.28925 38.40668 37.79796 36.76976 37.60435 39.83191 40.66552 40.64848 40.22524 39.50963 38.72942 38.12808 37.02228 35.30492 34.92072 35.07741 35.38011 35.12170 35.50161 35.41095 34.76621 34.18005
38.56735 37.61073 36.68936 36.84714 38.35891 39.48357 41.43759 41.35328 41.26971 40.45755 40.66883 41.60989 42.19550 41.66506 41.68662 41.89813 42.82109 42.71662 41.24921 39.39585 37.91713 38.41404 39.27737 40.31697 40.79189 40.10921 39.49335 38.76624 38.54270 37.92840 37.17619 38.63508 39.19899 39.39576 40.31760 40.58980 41.32241 41.47484 39.66676 37.63610 36.82088 35.94936 36.30398 36.62864 36.68429 36.06655 36.27119 36.97913 37.71517 39.10471 39.25574 38.81309 38.27851 38.08964 36.26063 34.71402 34.69887 34.72293 33.98723 33.51766 34.00851 33.94289 32.08559
37.90323 38.43643 37.11908 36.14183 35.48842 36.94148 37.74952 37.64467 38.66865 38.88483 39.02513 39.16660 39.70053 40.23362 40.88835 40.50187 40.72351 41.10707 41.03172 39.24217 37.80642 37.58057 38.23483 38.50890 39.02191 39.57286 38.56322 38.58019 37.84984 37.41331 37.42682 38.18974 38.30662 37.67027 37.90103 40.04798 41.21396 40.56722 39.31510 37.86852 35.81547 34.23015 34.55087 34.39506 34.96867 35.44377 35.67688 35.30181 34.89470 35.52920 36.66012 37.47285 37.01924 37.01513 36.59481 35.87822 34.80403 34.58039 34.13255 34.25986 33.70767 33.11569 32.62859
36.18431 36.83455 37.00615 37.55951 36.71953 35.46331 36.06129 35.86420 35.21509 35.96022 36.24981 36.30127 36.45491 37.01298 37.91728 39.07473 39.70345 40.15648 40.03177 38.94422 37.59319 37.17243 37.21919 36.62882 36.41352 37.44317 37.12429 36.77081 36.75137 36.49468 36.65472 37.21285 37.01963 36.40233 36.03288 36.16540 37.98223 39.20691 39.27063 38.40541 36.64023 34.36694 32.96035 32.92452 33.49365 34.25195 34.37097 34.04806 34.17065 33.95904 34.47674 35.43155 35.27858 34.54636 34.41800 34.93129 34.79014 33.75503 33.58223 33.49520 33.15155 32.29240 31.89444
34.75262 34.77506 34.43953 34.60193 35.88721 36.63648 36.68610 35.74693 35.07550 34.74815 34.65083 34.19424 34.07904 34.09727 34.01196 34.57490 36.40799 38.07136 38.96586 39.25567 38.84076 38.95815 38.77208 38.15671 36.83582 36.42861 36.05037 36.03074 36.17279 35.94541 36.15283 37.13986 37.08449 36.00027 35.08239 35.51446 35.47708 36.10604 36.75354 36.87848 36.82976 35.86301 34.22418 32.97566 32.85089 33.02685 33.99213 34.19940 33.26867 32.99970 32.96639 33.66798 33.67355 33.23379 32.91415 33.45649 33.59225 32.61786 32.14261 32.22152 32.44691 32.37645 32.35477
35.24768 33.84506 33.16475 32.90491 33.50894 34.30513 34.75769 35.47446 35.11212 34.33989 35.00851 35.50702 34.98427 34.24352 33.69643 33.89880 34.85857 35.46201 36.94064 38.05624 38.74330 40.02330 40.96192 40.58929 39.68200 38.73256 37.66586 36.63234 36.28138 36.47490 36.26160 36.52383 36.76979 36.88713 36.38619 35.89611 35.75900 35.52115 35.21076 36.13214 36.68005 36.19455 35.22199 34.45794 32.96360 32.77340 32.87117 34.19873 34.58886 33.99226 33.01154 33.08733 33.20198 32.99286 32.91510 32.39024 31.72127 31.84412 31.78414 31.71965 31.79604 32.10891 32.29906
36.05335 34.96746 33.32152 32.31794 31.95031 32.38991 32.21341 32.56051 33.19140 33.31590 32.96464 33.02256 34.10096 33.93373 33.50615 32.89372 33.09834 33.44263 33.56856 35.10263 36.34457 37.34203 37.24552 37.47270 38.76473 38.79355 37.57005 36.75053 36.31983 35.83744 36.09006 35.95752 35.49632 35.81989 35.86600 36.48345 36.80948 36.08890 35.45413 34.85423 35.21279 35.55215 35.38667 35.06082 34.22408 32.90361 31.88137 32.21277 33.27451 33.40481 32.76398 32.39558 32.65082 32.80712 32.49661 32.45319 31.82041 31.25831 31.18375 31.15780 31.22497 31.24434 31.45746
33.27484 33.75149 33.75272 33.01603 32.63303 31.30553 30.77268 30.40507 30.15684 30.48201 31.24336 31.48850 31.32574 32.11332 32.03312 32.36173 32.09965 31.91859 32.49910 32.79090 32.75541 33.04080 33.76311 34.66065 35.63118 36.56328 36.35945 35.32105 34.74166 34.65716 34.97976 34.99617 34.64875 34.04152 33.39907 33.68034 34.56094 34.77997 34.34698 34.37031 34.52593 34.52602 34.44024 34.17858 33.67215 33.45914 32.81616 32.81565 32.34838 32.17414 32.58347 31.98985 31.92651 31.85072 32.01250 31.63638 31.28797 31.02777 31.37288 31.35155 31.71827 32.24649 31.53062
31.94116 31.98146 32.42682 33.15899 33.57397 33.33428 31.99709 30.45400 30.11559 29.52688 28.81105 28.82372 29.06071 29.93578 30.71281 31.23734 31.78779 31.36733 31.35956 31.43897 31.46045 31.08915 31.22759 31.39729 32.17738 32.96735 33.41250 33.35531 32.70643 32.36410 32.85506 33.09823 33.83877 34.07785 33.62445 32.64589 32.86291 32.99062 32.75323 32.93702 33.20883 33.62553 33.72285 33.82290 33.65978 32.89090 32.49933 32.78114 32.66888 32.64725 32.32401 32.27590 31.86451 31.05120 30.52796 30.82839 30.57253 29.66162 30.69235 31.57230 31.99528 32.92538 32.42846
32.69896 31.70292 31.83770 31.79388 32.65910 33.61216 33.44492 32.39452 31.35438 30.78028 30.20626 29.53442 29.58602 29.85950 29.30017 28.67266 29.75311 30.31458 30.04955 30.42965 30.14565 29.93226 29.80482 30.41515 31.19959 31.38928 31.40845 31.42515 31.57350 30.79680 30.18688 30.93467 32.08237 32.50559 32.66219 32.65949 32.53571 32.37158 32.06299 32.21220 32.87000 33.16123 33.08430 33.34836 33.71543 33.80901 33.20075 32.71009 33.02449 32.83445 32.51441 31.73235 31.24376 30.95622 30.21986 29.71983 29.33197 28.47065 29.47390 31.31619 32.24042 33.67958 33.04369
32.26226 32.65516 32.56124 31.98031 31.81338 31.80806 32.46712 32.40555 31.76278 31.63822 31.07748 30.54028 30.53309 30.46311 29.80583 29.24385 28.95055 29.08913 29.36926 29.05398 29.18744 29.30394 28.84360 28.69058 29.30462 29.92547 30.12386 30.08633 29.98299 29.86481 29.55244 29.31254 29.52189 30.04594 30.25887 30.52681 31.36909 31.70995 31.54073 31.71406 32.53153 32.91767 33.03106 33.39765 33.21835 33.09968 33.13008 32.67469 32.56797 32.48006 32.32519 31.04492 30.03374 29.42417 29.14193 29.14248 33.79186 21.09966 30.58298 30.98051 32.04993 33.32512 32.52639
30.70034 31.50982 31.59687 31.03144 30.15403 29.99010 30.11468 30.09445 29.97521 30.02647 30.02843 29.50830 29.32728 29.63061 29.59670 29.11939 28.61151 28.47454 28.59905 28.66686 28.73413 28.44505 28.20317 28.00847 28.25178 28.23790 28.20420 28.29757 28.64788 28.71457 28.79637 29.05280 29.09937 28.76726 28.61858 28.39888 28.71739 29.15590 29.75101 30.32485 30.91252 31.59665 31.81556 32.15944 32.41824 32.28540 32.10334 31.46542 31.15536 31.57429 31.31638 30.36752 29.07353 27.71130 27.06620 30.83340 15.37306 17.49966 22.63965 25.60586 29.17936 31.14699 30.38673
30.27343 30.12998 30.00828 30.09339 30.00264 29.50315 29.23101 29.41186 28.93301 28.77238 29.09178 29.05673 28.43242 28.16657 28.36337 28.21415 28.12375 27.93403 27.86326 27.84453 27.66452 27.64798 27.20638 26.80339 27.19484 27.92123 28.10622 28.22139 28.07347 27.79051 28.17529 28.67660 29.03028 29.09963 29.11139 29.06148 28.53918 28.59930 29.02047 29.08371 29.64632 30.28565 30.75678 30.58381 30.72256 30.99260 31.28114 31.21988 30.94673 30.58590 30.72508 30.57622 29.56390 28.33683 27.71598 28.48354 17.92553 18.35918 22.45214 24.16007 26.81078 28.86509 28.32179
