Tool-HazardMap/Data/MeanMaxDayRain.asc
ncols         720
nrows         360
xllcorner     -180.000000000000
yllcorner     -90.000000000000
cellsize      0.500000000000
NODATA_value  -9999
[rows 252 to 279 of 360, columns 189 to 251 of 720]
29.77376 28.64423 27.30303 27.53065 27.82049 26.80887 27.74986 29.17395 27.92548 27.16169 26.93267 25.89170 24.67799 23.54053 21.96585 20.75084 20.98152 22.06819 27.33917 32.20959 36.15599 40.31573 45.37788 51.21232 58.42029 69.16106 68.17992 85.92300 109.10559 107.50497 77.59277 37.25804 36.87394 36.22948 37.20564 44.53279 51.25331 57.59396 60.08479 58.57821 56.33135 58.12069 62.39531 64.79091 68.05204 69.15230 70.58022 72.23642 73.45168 72.02486 67.51107 70.02996 71.86187 70.37376 67.49560 68.55950 61.61504 60.97064 61.16880 66.53853 69.29807 69.91503 69.78001
29.76829 28.14963 27.87461 27.71215 27.99995 27.65198 26.66287 27.42881 28.58297 27.81257 27.53456 27.42058 27.23699 26.39117 24.50438 21.84677 21.04007 22.66431 28.12243 33.67849 38.51361 41.22215 45.87121 54.59025 78.78068 82.98980 73.98445 79.90464 97.72696 83.57327 61.49076 43.76696 37.28021 34.58993 38.87982 43.56121 55.93222 64.56266 62.32384 57.71229 54.39532 56.40076 61.54837 63.14249 62.03210 66.20486 67.19612 64.13189 67.79354 70.21223 70.53773 70.70611 66.87231 63.31739 63.69983 64.31311 59.14632 60.77026 65.57632 67.64801 73.22438 75.74550 75.58536
32.18802 30.41629 29.06474 29.27845 29.41539 29.59863 28.76322 28.03147 27.90453 28.26035 27.54796 28.17640 28.91331 29.01776 26.86759 23.73762 22.81441 23.68192 27.65942 33.23749 39.33504 44.00388 46.68068 74.29745 103.17231 81.83208 73.15867 75.45786 68.64879 51.31441 48.62913 41.84309 33.87701 32.79038 28.65446 32.15810 42.10438 58.98472 58.81395 53.69753 53.12706 52.93179 55.39693 58.46841 60.93620 63.02512 62.56011 64.37252 63.39438 66.29387 67.39259 65.78976 62.97345 61.01897 58.39108 60.58866 64.28788 57.47830 73.97442 75.44895 73.49367 75.03648 78.14071
32.25637 31.01106 29.78720 28.17226 28.03487 28.42551 29.41679 29.67265 29.25968 28.76237 28.68998 29.38923 28.16313 27.58027 25.72197 25.06154 23.52413 23.61703 27.68419 31.67145 37.42303 44.99820 50.02662 68.84072 73.51234 66.63366 69.94025 72.71682 67.67109 49.76200 43.76541 34.13418 31.91758 31.09758 30.82991 31.90766 31.56814 36.32095 47.40775 52.15986 51.89726 50.74181 50.57315 55.34724 63.12191 59.95637 59.58788 62.25564 63.09269 62.24909 59.21021 56.40839 59.46687 59.31781 58.67480 63.29110 66.27312 70.79421 74.86805 75.72631 75.18874 75.39668 75.36636
31.12203 31.12912 30.85847 29.27643 28.16854 28.38525 28.85624 29.60315 30.17703 29.75452 29.13955 28.14686 27.18655 27.09158 25.52166 24.32397 24.10973 23.19445 26.66184 31.55098 36.71958 42.70343 50.37950 59.62324 64.40125 64.40760 72.92143 71.14769 68.33046 49.82579 42.59663 33.46797 30.12592 30.17622 31.90050 33.35255 34.28183 33.61277 36.13503 42.31120 45.54239 47.16379 44.16991 43.92799 54.79029 58.53655 61.30279 58.24646 60.75197 67.04727 63.25361 58.70983 56.18456 59.19436 62.89060 66.59673 68.09842 67.84129 71.71225 74.46057 72.98259 72.97068 71.43506
31.09925 30.86365 30.99131 29.88676 29.09275 28.39482 28.37651 28.69001 29.97919 30.43553 29.77274 28.80255 27.92302 26.98917 26.78662 25.87221 25.26429 24.87205 27.60557 31.50135 36.91262 41.54756 45.69557 48.73406 58.72604 64.13590 77.60635 83.60648 56.84210 51.27028 50.72543 43.15162 30.58094 31.43541 31.58708 34.28218 34.70947 34.86847 35.26825 38.78331 42.83723 44.32299 44.04194 41.19906 44.32351 53.94156 61.94192 61.56631 60.26577 66.87437 68.63581 64.12081 58.39745 59.05108 62.92826 71.41202 69.25591 65.64581 65.25865 70.02288 71.60785 72.81404 73.43334
31.73785 31.71353 31.45792 30.80263 29.67414 29.02122 28.81556 28.15587 28.57239 29.59788 29.59346 29.25397 28.90549 28.77471 28.20918 27.67871 26.62640 26.57531 29.41192 32.57021 37.25375 39.72396 41.69751 46.51344 77.80776 83.33615 97.86706 88.26399 52.05361 52.97986 49.48218 41.87367 31.12270 31.21679 30.96083 33.49714 35.35617 36.35031 37.96977 41.10338 43.48517 45.92111 46.07919 45.28927 45.78578 48.03655 42.79086 47.72745 49.50058 57.54672 60.36905 62.67993 59.73073 60.51715 63.05763 64.19261 67.68333 66.44624 64.72322 64.00083 65.43827 67.36806 68.84308
32.23151 31.86389 31.25093 30.67376 30.49680 29.72163 29.08007 29.03531 28.82576 28.67246 29.10699 28.10771 28.74959 28.61317 27.56816 26.65195 26.59516 26.80623 29.52394 32.33204 36.52655 38.85257 41.85619 92.19369 91.35716 87.25274 93.97634 92.09747 62.76913 58.85274 52.59081 41.62695 29.24025 27.79495 31.16268 33.86262 35.72345 36.57493 39.79605 42.58853 41.77870 42.32583 41.89731 40.92508 46.51793 48.10080 48.04080 50.17059 50.92358 51.82818 52.40320 54.43550 54.62708 55.94501 57.99399 57.58377 60.84198 63.19969 63.72257 64.39295 63.79403 63.85884 64.17806
31.64679 32.04008 31.96646 30.80961 30.68508 30.81385 30.15907 30.15471 29.97842 29.72044 29.90056 29.57894 28.75124 27.87912 27.67723 26.98469 26.16776 26.47392 29.05201 31.82215 34.91789 38.91140 45.75304 81.66138 76.36589 75.04979 77.65438 81.19222 65.93845 59.40934 52.54180 35.61003 26.35910 25.64798 28.51474 31.32824 31.38039 36.63122 42.45973 45.04599 42.64153 39.16461 37.44511 37.87896 43.46967 42.91807 36.25746 45.74990 49.69142 49.96232 50.20154 53.67402 57.84475 55.81474 55.50570 56.43480 57.42249 60.36199 61.03857 62.66501 62.52837 62.36610 61.76919
31.27799 31.35100 32.34358 31.05292 30.31298 29.99696 29.62691 30.58535 31.04762 30.47199 30.09150 29.97814 29.71260 28.57852 28.59493 28.66149 27.99208 27.72367 28.86994 31.44328 35.04938 39.11539 49.27036 71.54879 69.73147 74.81916 86.92110 77.41848 60.87985 61.04309 50.50885 34.55753 28.69739 26.88686 29.41296 31.81027 30.45351 34.08582 42.05193 45.32119 42.97629 41.65160 41.77522 44.50975 47.49049 45.94208 36.82602 45.91315 47.11472 50.34780 50.22571 52.46283 55.51989 57.44594 55.94030 56.41352 57.82920 60.84761 62.49830 64.32028 65.52087 64.33662 62.99560
31.67958 31.46058 32.39989 32.62705 31.46147 30.31526 29.39462 29.01250 29.08496 29.18578 28.95031 29.69792 29.74754 29.71626 28.94719 29.01361 28.94919 29.47501 29.62887 30.83697 33.56186 38.78550 44.21074 90.09766 79.30116 84.70920 92.33644 75.76340 59.80660 62.92113 51.34354 34.95334 31.43849 30.73899 29.72875 30.10042 29.50457 30.95218 38.62131 41.21985 43.42430 41.57872 35.55270 37.44060 39.21583 38.38939 44.12278 44.98485 47.26975 49.10940 49.41293 50.07447 52.50173 52.72276 54.06559 56.41219 58.41872 58.10679 59.75537 62.53087 64.45270 61.93524 61.42178
31.59810 31.79659 32.41279 32.62743 31.89510 31.10763 29.99090 29.59286 28.23846 28.37176 28.54057 28.24404 28.89519 28.65084 28.84271 29.46476 29.04703 29.80982 31.13523 31.80195 33.36328 36.22674 40.52034 93.20228 85.97032 71.93782 60.47284 50.36586 53.39717 62.30967 55.19842 33.98420 27.96132 28.52188 29.19294 30.65731 29.35951 29.44939 32.68269 34.79484 37.58037 38.57708 38.46653 39.07447 42.95986 42.79714 41.89692 44.63445 47.03766 46.51785 46.42962 47.84400 49.94601 51.43842 51.39909 54.17084 56.82935 58.71222 56.57285 58.99943 58.79062 57.75085 57.67268
33.71434 33.16731 33.70849 33.52804 32.49833 31.39466 30.89092 30.47496 29.49741 29.02130 28.19139 28.37344 28.92078 29.34874 29.03515 29.62967 30.11703 30.58505 31.49724 33.16188 33.98154 37.02442 75.24554 92.69951 84.05346 62.60150 47.73840 44.28668 50.77421 53.99058 46.43562 32.64164 24.56956 28.18192 27.72573 29.45510 29.09726 30.12394 32.61037 34.35239 35.97657 34.85558 24.00207 31.47093 37.22563 39.28492 42.21055 44.16396 46.81672 48.62728 49.75725 49.79242 50.78970 52.01727 52.03188 53.13733 54.55630 56.26896 56.73462 58.07874 57.51596 57.20927 57.48517
32.28897 32.56187 33.10700 33.05279 31.55871 31.37919 31.01416 30.84308 29.65853 29.41885 29.06612 28.55717 28.84808 29.52797 29.28859 28.97523 30.18520 30.84235 31.12338 33.27927 35.06033 36.87989 64.52250 84.92118 40.58684 87.16285 73.98159 62.21180 49.18104 43.60766 37.53748 30.38366 22.89047 25.37238 26.70781 27.50554 28.94578 35.45536 36.90267 38.42812 38.48693 27.85023 31.35978 29.64565 36.74211 38.79615 41.22251 44.47754 46.01469 46.54712 47.85982 50.76267 51.54461 51.23984 51.77971 52.10980 52.44645 54.63928 55.33703 55.75558 56.35471 57.27294 58.02425
30.42596 30.76864 31.01724 30.98755 30.36069 30.09523 30.17588 30.32250 29.86201 29.43352 29.35790 28.45722 28.24724 28.82474 29.08409 29.08696 29.28688 29.86027 30.28046 31.85528 35.24555 36.05549 94.36479 92.12245 42.16819 92.23816 84.58932 85.57221 70.33249 54.78413 39.02817 27.00940 24.78303 26.56588 26.91907 28.10403 30.02526 34.82207 37.86156 39.61347 39.32309 28.21814 34.69878 37.02796 37.81440 39.45334 41.56988 44.52144 45.64590 45.69062 45.34330 48.07110 50.68537 48.65134 48.59054 50.15419 49.93283 49.18422 49.43433 51.71575 53.70186 54.71226 55.53418
29.59681 29.55706 29.32226 29.76507 29.93990 29.87215 29.53403 28.97279 28.52371 28.23872 28.40016 27.05937 26.07757 26.73395 27.44456 28.01151 28.51540 29.10426 29.51189 30.38632 32.99904 34.73822 34.19907 39.32038 112.78418 132.37410 97.31345 87.49428 84.42165 70.52806 44.37155 27.50035 26.22724 28.09500 27.41686 28.24676 29.30431 33.79323 36.22997 36.86963 29.71879 33.99224 32.64761 36.24054 38.14534 40.09410 40.31113 42.40742 45.16961 46.46507 44.02399 44.92240 47.84284 47.63472 47.12340 47.47456 48.89955 49.95402 50.18775 49.29343 49.27347 49.40834 50.39108
30.70486 29.11418 28.42979 28.69768 29.65001 29.34370 29.06530 28.88805 27.96980 26.98242 25.99169 26.62615 25.91450 25.59834 25.88906 26.34438 27.27476 27.27966 28.22412 28.80454 29.63548 34.98920 113.09985 159.23369 158.87708 159.06872 122.56930 113.04596 99.92466 78.79687 42.08769 25.18492 25.49484 26.90290 28.63880 29.74356 29.44287 32.84129 34.20609 35.41477 29.24279 37.37141 36.71659 38.71980 41.75324 43.09141 43.22055 44.11167 47.36360 48.94469 47.40267 46.35841 47.08781 47.30551 47.93060 48.46662 48.49967 47.47764 47.83182 48.00566 46.94513 46.71694 48.56359
30.40479 28.95904 28.78269 28.68798 28.66330 28.52493 28.43066 27.94996 27.24427 26.82421 26.34531 27.00632 27.30203 26.61406 26.10505 26.21661 27.07829 26.96052 26.93331 27.58718 28.14415 33.64552 155.76428 130.86407 181.90545 135.33247 121.03405 112.06588 96.59077 64.69306 28.70013 24.92963 26.79573 28.66116 30.38053 32.19494 33.83426 33.56308 33.82450 33.67578 36.06094 37.92910 40.70275 42.82093 44.04244 46.73223 46.13835 46.70686 48.71165 49.21076 47.68138 44.72387 46.74240 46.40998 45.39636 45.82135 45.99232 46.07017 45.87198 46.40261 46.26562 46.23669 46.43474
29.15685 28.41499 28.28727 29.13991 28.60204 28.28235 28.06805 27.49862 27.11532 27.03459 27.02163 27.18865 27.23484 27.14699 26.26292 25.92672 26.67139 26.41937 24.61551 25.75039 26.97390 31.80468 172.16526 160.77062 115.44583 120.05752 90.38496 73.36260 62.85774 48.85657 27.41986 21.46247 27.35218 31.23937 32.48753 34.82201 35.19843 28.79764 28.40281 29.78665 31.21433 35.82899 40.75712 44.47466 46.47511 48.06722 45.49911 45.83773 47.72663 47.51639 46.96653 44.93811 45.27871 45.75307 44.20681 43.23528 43.70839 43.01764 42.19545 44.36024 44.50085 43.99941 44.21017
27.49397 26.84695 27.23479 27.50140 27.34658 26.36544 26.93891 27.32700 26.82508 26.73889 25.92164 26.16449 26.29703 26.99912 25.78881 25.34932 25.67900 25.79773 24.05340 24.55197 27.82847 131.81801 176.84002 178.41049 123.40277 94.39042 70.07864 56.89857 47.65264 36.24194 24.36138 20.29070 28.11591 32.77612 34.27003 35.59886 31.61265 31.03903 28.75969 27.59232 31.32045 36.90103 39.55454 43.89040 45.42342 43.41098 41.96029 40.78561 43.78947 45.61252 44.77935 45.23366 45.69988 44.33755 43.56470 43.76742 45.11205 42.08571 40.11946 42.39177 43.18405 42.92507 41.45059
27.04370 26.24073 26.24143 26.77257 26.29772 25.55027 26.15761 26.52643 25.82494 25.79879 25.78608 25.17852 25.61964 25.84502 25.58321 25.52280 25.42577 25.75538 24.95691 26.75729 85.27423 154.82444 161.32430 137.20707 96.01794 49.25404 35.09139 34.81996 29.16481 23.45126 20.89165 19.73101 24.20339 31.34245 35.33276 35.95375 32.74965 32.59239 31.63488 31.17743 33.91514 39.07635 42.71575 47.91253 49.49124 47.05028 45.51992 42.32392 42.61074 45.61195 47.06298 45.79550 43.70328 42.57081 43.40136 44.28162 44.82044 42.92487 42.92960 43.04121 41.45047 41.01496 39.87604
28.17185 27.75476 26.69600 26.10124 25.97011 25.35021 25.09706 25.48174 25.06806 24.90873 24.61011 24.50247 25.34399 25.89975 24.95283 23.99447 24.11310 24.70226 24.56856 25.05437 105.67742 152.32531 138.72800 46.33602 32.08495 36.77223 29.03270 23.28361 20.72278 22.26610 21.26507 20.95839 22.29849 30.13835 33.22623 32.83074 29.90129 30.29002 30.24689 29.69345 32.31360 36.73702 41.69138 47.56518 49.07461 51.12745 46.19232 43.93143 43.97687 43.47339 44.10344 44.54716 45.66964 44.13199 42.22168 42.52354 42.74016 42.26399 41.74396 41.71304 40.84750 39.99438 38.66910
28.57379 28.14507 27.72179 26.99664 26.48260 25.89189 25.12007 25.00796 24.51209 23.73905 23.48108 24.06381 24.61518 25.65199 24.64022 23.57838 22.56034 22.70730 21.65479 20.94380 21.26054 26.45789 115.43349 47.02747 37.77901 45.29081 38.42026 31.34940 25.41641 22.37853 22.48569 19.88712 22.08497 22.83248 27.20715 26.62337 25.40888 26.56281 26.85346 18.36421 30.04921 35.40332 39.56337 44.32619 44.33311 44.37281 42.22797 40.16396 41.86973 42.27354 42.09822 42.93056 44.07280 42.17444 39.51580 38.87054 39.74540 40.07535 38.71284 39.27951 37.98868 37.35953 36.50992
27.14247 27.22230 27.44822 27.03870 27.03599 27.17886 26.51073 25.75438 25.21568 24.20356 23.53312 24.07744 24.87065 25.48291 24.44682 23.58898 22.05989 21.27096 21.14429 21.25010 99.53604 106.12753 93.81177 43.23999 45.70083 40.59323 38.38117 36.29653 29.40721 23.72514 21.59852 24.59400 25.28435 24.21260 24.61051 25.17574 24.94057 25.85121 26.64804 18.78420 30.04825 35.20355 39.73389 42.79399 40.54108 41.64328 42.31887 39.46540 38.48436 38.90837 38.10791 37.61220 37.85871 38.06514 37.54024 37.52368 38.04665 37.91198 37.20443 37.41022 36.82461 35.10449 33.58352
25.91237 26.50972 27.12036 27.22231 26.99875 27.15081 27.18181 26.83786 26.76565 25.88426 25.11750 24.70311 24.90978 25.78100 24.63012 23.36265 22.47189 21.72838 22.13160 23.88647 113.46111 139.48743 74.29728 45.95773 40.65057 38.01466 35.00925 30.76019 26.40993 23.37867 21.09599 22.76759 24.08695 25.95089 26.75578 27.02140 26.44721 26.24707 17.31193 28.92908 31.33878 36.43941 42.34441 45.12143 41.82733 41.23641 40.26632 37.61212 36.20086 36.20541 35.83437 35.02486 35.34177 36.33704 35.89162 36.09122 37.32237 38.42252 38.67639 37.96218 36.76375 36.11470 34.99733
24.40975 25.56816 26.71577 27.22052 26.84661 26.49696 26.54445 26.37271 25.67312 25.55933 25.05466 24.89057 25.20534 25.80606 24.27228 23.08225 22.28194 22.06846 22.38140 56.95422 90.12308 68.64054 36.17768 24.00340 24.01982 27.10554 22.05959 18.84343 20.91097 21.54497 24.08201 24.63980 26.21145 27.74804 29.02492 30.27066 29.94921 19.69695 29.88237 30.24814 34.49535 39.20301 40.61003 43.18663 41.65815 39.72018 38.28010 37.28275 36.15447 35.45616 33.47407 32.11449 32.56754 33.47255 33.06532 33.37383 35.32339 36.90229 37.89352 39.10534 38.97480 35.82264 35.37426
23.72295 24.22355 24.97961 25.56506 26.06129 25.98408 25.72803 25.29073 25.03884 24.17324 24.26847 24.30708 25.11820 25.83310 24.35763 23.16118 22.26224 22.31875 22.23059 77.98767 35.81819 24.87754 19.76693 15.27365 14.18729 16.47508 17.27097 18.33877 18.45642 19.94284 22.08079 24.07934 25.10585 27.27588 29.91682 33.80852 26.68729 28.09813 29.45952 30.40179 34.04998 37.24035 38.95260 40.24282 39.53266 36.27607 34.61817 35.04421 35.75984 35.41903 33.92338 31.83461 30.90982 31.01168 29.85985 29.79711 31.74993 34.17943 35.12620 36.48246 36.56800 35.48761 33.50941
22.22656 22.97306 23.18391 23.30265 23.32474 23.92346 24.46880 24.61681 24.83651 24.42813 23.85657 24.11871 24.52655 25.40362 24.91295 24.29040 23.97179 23.99616 23.72035 23.92069 49.29331 28.25533 16.39282 14.42082 13.29606 16.04234 17.20703 17.95143 17.32166 16.91985 18.82465 21.20192 24.12049 27.47916 31.36003 31.98020 28.09334 30.57555 33.04432 35.68629 38.71425 41.31939 41.45832 41.34889 39.47297 37.44179 35.37969 33.48616 33.64428 32.76863 30.58085 29.40788 29.71040 29.41959 29.20272 29.47494 30.98711 32.75453 34.16448 34.56518 35.12342 34.56504 33.72786
