Tool-HazardMap/Data/MeanMaxDayRain.asc
ncols         720
nrows         360
xllcorner     -180.000000000000
yllcorner     -90.000000000000
cellsize      0.500000000000
NODATA_value  -9999
[rows 252 to 279 of 360, columns 0 to 62 of 720]
49.34424 50.93835 51.06287 51.58325 52.67769 54.35121 53.63316 53.66542 54.23427 52.88151 52.60431 53.86480 55.09069 54.75500 51.24853 53.35418 55.54297 55.32969 53.10826 54.17633 58.50434 58.89578 55.59548 55.97119 56.78302 56.21011 56.41692 57.83683 56.81248 54.68728 55.49467 56.22151 58.13346 56.43615 56.11833 56.98608 58.75414 55.27713 54.87625 54.63428 56.24468 55.70964 56.16847 57.60267 53.03853 52.89052 54.95675 55.45205 54.13930 52.89507 53.26816 54.40361 52.40299 53.16676 55.51585 55.09758 54.87936 54.14349 53.56506 55.51959 56.26457 59.13553 60.24965
48.76608 50.45716 49.54800 49.74761 49.67593 49.53178 49.15416 49.49899 51.80624 51.67289 51.47804 50.99282 52.53063 54.83001 51.49039 51.21354 54.80299 55.72484 51.95544 52.46182 55.18302 55.11430 55.98420 57.47621 58.16289 58.18124 55.73253 59.34459 56.22915 56.24846 54.01070 55.75102 56.32869 54.84947 55.98281 56.73801 58.43775 54.48388 51.90403 50.16993 51.19223 55.07169 55.18664 54.90019 50.72896 52.09710 55.44825 54.18062 52.15765 50.59010 50.10104 52.31112 51.76329 52.82200 53.41801 53.55623 53.16150 53.20249 53.22764 52.50525 51.04252 53.91208 55.23962
51.93186 51.93151 52.45096 49.87531 49.12823 46.72660 47.43423 46.09039 47.66561 49.25993 50.62207 51.54495 51.61120 52.63568 51.72734 49.32310 52.53358 54.99926 53.61475 54.51506 56.73002 56.06437 55.16724 57.44590 58.97863 58.92976 58.71936 62.77454 58.45830 59.18726 56.60967 55.91762 56.20245 54.29654 54.04574 55.30864 57.06192 55.71460 54.10514 54.17452 52.98114 52.07530 52.55210 52.37049 49.57554 49.52969 53.70088 56.95132 54.02605 49.94106 49.37840 52.00081 52.44398 51.26699 50.40697 50.40599 48.78954 50.03103 50.92370 51.83819 50.24460 50.08170 54.18675
56.39323 53.73663 52.73367 49.28298 50.90373 48.88657 46.08285 46.49507 47.09656 47.60956 47.50519 49.45051 52.28411 52.36446 52.19316 50.72905 52.94079 54.24276 52.73679 54.16777 56.25163 54.80238 54.64616 55.04037 57.69046 58.10284 57.74738 63.67750 62.79797 60.60867 57.55040 57.02786 55.28242 54.38887 51.78788 53.54501 54.46395 54.75969 54.55618 54.51548 52.42912 50.83513 51.62582 51.42963 48.29470 47.51773 50.83671 54.27773 53.83216 50.02494 48.10079 48.90067 49.62348 49.35045 49.27001 48.42936 45.47161 44.71332 45.87276 47.45496 47.81963 46.41916 48.78415
56.95328 55.07174 51.44857 47.15831 49.62027 51.86840 48.23729 46.17034 46.18932 46.13901 45.49870 46.16491 48.08741 48.71842 49.05210 49.12156 51.64573 52.06241 49.57421 50.45179 52.97620 52.78921 51.30847 52.49356 54.38726 55.69814 55.52753 59.01267 60.76058 58.34169 56.13875 55.66850 56.01427 54.61846 51.55002 50.72308 50.86434 52.20317 52.56000 54.45831 52.18995 49.86985 48.15444 47.91257 46.21654 46.07047 48.94182 50.03861 49.52136 49.15559 47.56946 46.81323 47.04060 47.10499 47.11091 46.96575 45.78226 48.05845 45.33343 45.17941 46.25535 46.00094 46.99773
52.85919 52.62285 50.96648 47.77403 46.66241 48.44621 47.56239 45.87626 46.55778 44.46200 44.62979 44.38022 45.03872 45.90177 47.20809 47.62589 48.24245 47.67478 46.89729 48.14843 50.89693 52.54462 50.45882 49.80557 51.30693 52.34081 54.33530 57.27000 58.91627 58.77461 56.18577 55.01105 54.94445 53.16515 50.61716 50.29140 50.74755 49.58214 47.70605 49.68546 49.09552 46.99648 47.93031 46.56373 43.74221 44.42880 47.18476 47.42013 46.87917 47.20389 47.35992 47.67820 46.27101 45.68722 47.15417 46.87400 46.90732 51.32726 49.28089 45.25861 46.13207 46.48739 46.27436
49.09972 48.62683 49.52578 47.95454 45.58615 44.95599 45.86988 43.08672 42.55484 41.66486 42.82271 44.69420 45.53075 44.62340 44.35574 44.85035 44.07508 45.62060 46.42576 46.49972 48.51231 50.25836 49.15034 47.64909 50.82972 53.46186 52.13434 54.03158 53.04146 54.49505 53.81027 52.48331 50.00844 49.85438 48.37352 47.51425 48.69606 48.97549 48.34976 47.81447 47.26181 44.97089 47.13110 46.64834 45.10223 45.08829 45.87757 45.45050 45.27923 44.76926 45.63630 46.63375 46.19070 45.13096 45.44204 47.13209 46.39593 49.19845 48.92100 45.26084 44.33870 44.66835 45.97601
46.47111 45.71742 44.80346 45.26524 45.22142 45.02770 43.46022 41.08339 40.82602 40.36013 40.65556 44.04343 45.62825 45.86124 43.55791 43.10196 42.89356 42.61516 43.41401 43.58085 44.22883 46.09225 46.43884 44.70385 46.67108 50.61761 50.44540 49.51727 48.40132 49.80201 49.71013 50.04062 47.44900 45.76313 45.48245 45.64852 45.01821 45.80756 47.54030 46.18352 45.52169 46.72285 47.04548 45.57076 43.80570 43.56831 45.10518 44.82174 45.52883 44.52885 44.78093 46.18761 45.45495 44.01328 43.56088 44.87354 45.49218 47.27267 46.80789 45.27617 42.99526 42.81936 43.07549
43.19693 43.12169 41.90925 41.07002 42.68531 43.01592 41.14342 39.24248 39.67934 40.68383 40.94151 43.43813 43.23342 43.47257 43.49171 43.12621 43.11156 41.43650 40.47632 41.46657 42.10559 43.88417 45.61929 44.71383 44.69583 47.48200 47.58225 47.87579 47.88716 46.81589 46.90766 47.92207 47.25913 46.23693 44.65193 44.98807 44.47677 43.48135 44.99222 43.76392 41.83776 44.06017 45.36323 44.57774 42.90909 42.48631 43.64347 44.50154 44.56386 44.39060 45.00358 45.20961 44.80101 44.35532 44.05264 44.29169 44.25223 45.42749 45.74156 44.80574 44.39897 43.30012 42.45294
44.50045 42.71284 42.09895 40.74722 41.50823 42.78728 40.27860 38.68086 39.96286 41.50421 42.62057 45.29579 44.19058 42.60066 42.07297 41.52798 41.10635 41.18162 40.23438 40.31848 40.86861 42.80684 45.33498 46.62571 46.58013 47.69830 49.10340 49.89044 50.78947 48.73273 47.98032 47.80483 45.83783 45.69812 44.63705 44.93879 45.19473 44.02528 45.27643 43.48209 41.22023 42.11506 44.51065 43.78911 41.29926 41.83470 43.56682 44.44059 44.22265 44.92344 44.69975 43.08517 43.57312 43.71912 44.42798 45.24345 44.19582 44.45677 45.43125 44.64347 45.78041 46.18855 45.10277
45.51329 42.54103 41.67516 40.26995 41.21591 41.77637 41.29485 39.74241 40.78634 41.80298 43.08232 46.22425 46.70506 43.55268 40.33438 38.70992 38.17098 40.11166 41.26067 42.06296 40.38807 40.58582 42.47975 43.85086 44.57767 44.53319 46.43458 48.17508 49.23168 46.90610 46.86084 46.04705 43.92413 43.88807 42.12752 41.71147 42.32616 42.87426 44.17849 43.58554 41.94717 40.73187 41.48550 42.51989 41.19314 42.02674 43.69210 45.25386 44.17976 44.00884 42.80015 41.08489 41.67216 42.36094 43.66876 44.78336 45.11958 44.92842 44.35636 44.24843 44.50070 45.81861 45.81473
42.61566 42.78784 41.16702 39.23398 39.46268 40.35096 39.37661 39.19065 38.73494 40.25843 41.26584 45.43410 45.64064 42.28613 39.50020 37.64203 37.36715 38.41561 39.69314 40.31502 39.81875 39.34027 39.89715 40.15248 41.82155 42.06023 42.01534 43.10478 42.22153 42.42411 43.97381 43.66245 41.95926 41.42214 41.58527 38.85201 39.04127 42.10072 43.17626 42.72214 40.47598 39.95707 40.27666 40.91676 41.18923 41.37534 43.03637 42.79362 41.99901 41.23136 40.94669 39.77604 40.33570 40.20102 41.27927 43.06903 43.97919 44.37506 43.96303 43.22106 43.60807 43.95335 43.36428
39.57302 42.50961 42.69195 39.60222 37.61491 38.24598 38.42659 37.57508 38.56764 38.83113 39.49001 42.46101 43.69545 41.32400 39.14659 38.31750 38.19280 36.99736 38.48753 38.11004 38.20562 38.71685 39.01624 39.63714 39.90480 39.48006 40.51939 41.58976 39.54129 38.65165 40.45908 40.45231 40.15360 39.75530 40.27900 39.31476 38.05770 40.58657 42.08897 41.69151 38.51730 38.66118 39.30197 39.83749 40.29840 40.58541 41.40107 40.86541 39.86197 38.91733 38.47583 37.52872 37.68092 37.44430 38.00364 39.75102 40.26587 41.33157 41.91804 40.91456 40.84536 41.84442 41.19514
38.42164 41.39595 42.25813 39.28098 38.02859 36.91909 38.28491 38.75488 39.17303 39.26673 39.78653 42.06293 41.60694 41.20606 39.60724 39.46575 38.67968 37.64384 37.09825 37.38907 37.57422 37.37291 37.73191 39.21268 39.70656 38.80669 38.97216 39.44341 39.91257 38.55669 38.40818 38.16026 38.31944 38.42184 39.32466 38.98931 38.32886 39.94432 40.73658 40.65435 38.81987 38.46266 38.69446 38.53322 38.45522 39.37673 39.35392 39.85704 39.86139 38.83667 37.62849 36.04440 35.56746 35.47889 36.22974 37.03979 38.17245 38.36599 39.11165 38.95205 38.50985 38.96742 38.55551
37.11476 39.79640 41.17331 39.05289 38.90075 37.32643 37.64967 37.97074 38.63614 39.81749 40.20437 39.70641 38.36145 38.24160 38.15554 39.43809 39.77432 39.24805 38.21253 37.50931 37.65888 35.82362 36.43146 37.70055 38.97331 37.81604 37.29214 36.97360 37.83795 38.21138 37.45472 36.74411 37.84121 37.99194 38.50751 38.44566 38.24283 38.53597 37.60905 37.56693 37.12184 37.40714 37.00086 36.89573 37.47915 38.20342 38.37801 38.27649 38.41282 37.92441 36.13256 36.05682 36.06690 35.90367 35.72930 35.91260 36.38213 36.40439 37.23214 36.38900 37.00383 37.77273 37.89190
35.83657 38.04441 38.45609 37.72931 37.42375 36.22747 36.99230 37.84514 36.80717 37.08058 40.12850 40.41873 37.94694 35.97488 35.17507 35.78139 37.02960 38.50676 37.93176 37.21437 37.70385 37.50588 34.59290 34.55805 36.34874 36.95631 36.32436 35.67322 36.11023 36.79317 37.21715 37.95415 37.13647 36.55981 36.90694 37.87619 39.39310 39.67987 37.25604 35.88238 35.40015 35.39970 35.22204 35.99629 36.54016 37.02633 37.98368 37.05698 36.91784 35.95675 35.09806 35.13657 35.91734 37.48268 37.69714 36.90969 36.43882 36.20182 35.89864 34.81969 34.78343 35.08590 37.21870
35.07051 35.45515 37.05133 36.30313 36.65419 35.87936 34.92516 33.79729 35.02866 35.64413 37.86598 37.91182 37.57425 36.66832 35.68677 35.91556 34.92792 34.56770 34.71911 34.93740 35.67360 36.28844 34.75717 32.85157 33.72002 33.31080 34.13997 35.07106 36.10325 35.78921 35.76148 36.77801 36.50744 36.12601 35.08744 36.06487 38.30349 39.63494 38.18034 37.18465 36.33969 36.13559 35.65744 35.26819 34.89661 36.19406 37.31808 37.26973 35.53751 34.20155 33.82871 34.85800 35.52775 35.03907 36.50879 37.08190 36.75421 36.18837 34.65348 33.63916 33.68638 33.30677 34.06201
34.88775 34.42592 35.23676 35.93499 36.24952 34.80716 34.47552 33.05094 33.21682 34.57016 35.47081 36.55539 36.37623 36.01700 34.48487 36.24655 36.10129 33.48615 32.37826 33.02998 33.73016 34.43701 33.94223 32.54611 33.17711 33.10618 33.25488 32.92202 33.31387 33.10389 32.76619 33.51014 34.07247 33.48971 32.42529 33.04765 36.16928 37.84974 36.54228 37.02964 37.08887 36.57696 35.40811 35.37381 33.67532 34.04623 35.11314 36.47112 35.81467 33.34361 32.65359 33.90286 34.78154 32.91226 33.57151 34.80003 35.79434 36.70280 35.41165 33.48822 32.75107 33.32543 33.37632
33.41933 33.16451 33.80607 35.06701 35.61768 35.03910 34.00674 32.84878 32.85429 33.05840 32.82358 32.77892 34.41709 36.37864 34.87072 34.05727 34.41477 32.52575 31.59354 32.34592 32.30418 32.66529 32.38974 31.96361 32.67654 32.62599 32.64975 32.52648 32.72130 31.46949 31.19732 30.27493 29.70854 29.94792 30.42990 31.58893 33.49626 34.52016 34.40373 35.06157 36.49695 35.48081 34.74464 34.46661 34.36291 34.21437 34.11113 34.63268 34.36597 33.77202 33.03007 32.76177 33.30961 32.44362 32.29556 33.62406 33.85338 35.17761 35.02392 33.85294 32.37530 31.92749 32.25296
33.77099 34.17493 34.93438 34.73086 34.90388 34.86166 35.16438 33.31821 33.10720 32.70145 30.63809 29.97106 31.70842 33.47381 33.91169 32.53228 32.49569 31.73729 30.85827 30.82129 31.38601 31.20721 31.41087 30.99640 30.95671 32.15315 31.55298 30.63211 31.03526 30.94536 31.10619 30.81121 29.73888 28.63258 29.06542 30.57869 31.42373 31.93356 32.45397 32.20453 33.78266 33.95169 34.21920 33.77501 34.33282 35.04749 33.80929 32.31723 32.08294 31.42132 31.89506 31.15662 31.51987 31.65144 31.97629 32.54090 32.81346 33.30324 34.28304 33.92915 32.69944 32.43205 31.63970
33.39617 33.87723 34.82563 34.63015 34.03069 34.53277 34.38376 33.76955 33.44738 33.63636 32.45257 31.27039 31.89641 31.66927 31.41113 31.56323 31.50616 31.53002 30.69782 30.06001 30.20962 30.53865 31.07739 30.77231 30.97868 32.39607 31.71396 30.42858 29.49105 30.36094 31.44787 32.17376 32.48627 31.48874 29.98145 30.61136 30.82606 30.43747 30.92865 30.90610 31.29674 31.95216 32.70503 32.81063 33.93669 35.49863 34.71443 33.32234 33.30355 33.16814 33.25815 32.81924 32.60269 31.88399 31.76819 31.70362 32.16412 32.69674 33.01291 33.80847 33.55660 33.24997 32.56783
31.27738 31.62973 33.09673 32.77989 32.08136 32.24490 32.35367 32.23003 31.39791 31.26232 31.25581 31.88850 32.49494 32.03911 30.49796 30.35651 30.74282 30.69787 30.21963 29.69926 28.87768 28.88941 29.04843 29.69949 29.99580 30.69043 31.38335 31.17564 30.23137 29.76730 29.79776 30.68459 31.74291 31.63995 31.74192 31.16925 31.07201 30.53377 30.83964 30.38284 29.87073 30.41695 30.32249 30.80782 31.94438 33.45525 34.16043 33.94216 33.25308 33.45970 33.86925 32.75281 32.08800 30.98746 30.78395 30.64671 30.39921 30.36483 30.77728 31.79998 31.59806 31.79621 31.59524
30.07808 29.78811 30.38080 31.51687 30.40655 29.20008 29.10243 30.47859 30.61731 29.44880 28.35883 29.20319 30.36991 30.83797 30.39182 29.44429 30.01357 30.27157 29.58398 29.27608 28.42674 27.54208 28.03144 27.69009 28.09785 28.48574 29.79580 30.69301 30.02989 28.63651 28.64297 29.34011 29.78514 29.24723 29.83241 30.30472 29.61463 29.74402 29.58505 29.36283 28.20674 28.38263 28.78080 29.11025 29.86513 30.78640 31.73524 31.39297 31.44163 30.47445 30.94070 30.12504 30.05836 29.60557 28.80704 28.93679 29.20085 29.05037 28.72037 29.57298 30.14091 29.83392 29.77781
29.35916 29.67695 29.77812 30.52942 30.39811 29.10488 27.74366 29.14662 30.58577 29.97119 28.33689 27.93026 28.45717 29.02979 29.28399 29.12313 29.70431 29.55524 29.32214 28.70776 28.29977 27.79421 28.16913 27.79106 27.34442 26.92456 27.94122 29.36496 29.72227 27.92083 27.19725 28.31237 28.44451 27.56664 27.28819 27.75702 27.77323 28.37096 29.01978 28.55153 27.17130 27.07451 28.02384 28.69526 28.67124 29.15540 29.77941 30.20868 29.67920 29.29860 28.78487 28.88661 28.32766 28.38440 27.59101 27.49303 27.35689 28.02807 27.99579 27.70458 27.32702 27.53447 28.02662
29.07534 29.32376 29.78894 29.68856 29.87721 30.22771 29.40925 29.34580 30.38907 30.47220 29.85028 29.30818 29.85387 29.90255 29.11560 29.32780 29.57613 29.89113 29.48370 29.38899 28.67769 28.88919 29.41406 28.70834 27.76392 26.93758 27.73859 29.14513 29.04015 27.71549 26.81122 27.00299 27.33684 27.12761 26.14885 26.25434 26.47584 27.22282 28.33006 28.52518 27.40412 26.38987 27.41700 29.00421 29.47729 28.73036 28.47136 29.30408 28.68935 28.49245 28.56118 29.40072 29.50243 29.04751 28.21799 28.00209 27.86811 27.82846 27.87594 27.53967 26.49703 26.27642 26.56562
29.06224 28.63351 29.04654 28.25077 27.77643 28.69593 29.53114 28.90654 28.81183 29.63290 29.99817 29.79920 29.93560 30.13837 29.38623 28.74007 28.61670 28.83236 28.89190 29.21222 28.54101 27.84742 29.02875 28.76575 28.86857 28.34366 27.55205 28.45780 28.65909 28.25421 28.21203 27.61780 27.03352 26.83330 25.75670 25.44467 25.83174 25.90080 27.16442 27.72013 27.40761 26.09085 26.11416 27.99816 28.88909 28.43656 27.68368 27.41515 26.95390 27.29950 27.90794 28.78555 28.83801 29.69090 28.55203 26.94676 27.20880 26.86462 26.42591 26.29366 26.18805 25.91195 25.76483
28.90187 28.82383 29.33396 28.69704 27.67390 27.18617 27.39207 28.00589 28.03719 27.92718 28.17240 28.51478 29.66444 30.03000 29.71569 29.18293 28.82584 27.80045 27.53511 27.58202 27.36234 26.76051 27.13879 28.18391 28.28223 28.64403 28.03171 27.35050 27.19941 27.66743 27.65136 27.87517 27.20999 26.47484 25.44755 24.82115 24.92096 25.56551 26.68297 27.71909 27.06327 25.79121 25.44132 25.84855 26.33028 26.81175 26.91461 27.03284 25.97600 25.59552 25.74624 25.99823 26.01928 27.01687 27.97065 27.04928 25.67665 24.99644 24.96084 24.93695 25.09787 25.28219 25.39845
28.88384 29.29391 29.00511 28.97161 28.23279 27.90316 27.75071 28.05931 27.86438 27.81564 27.41965 27.84676 28.44920 29.12719 29.59387 29.23850 29.18201 29.11065 28.08253 27.19976 26.95665 26.09402 25.56254 26.62499 27.67385 27.36980 26.92749 26.66402 26.49625 27.22863 27.91118 27.96374 27.70161 27.40662 26.24693 25.60039 25.33979 25.62714 25.97655 26.79549 26.30517 25.53062 25.80224 25.97087 26.03028 26.18522 26.88222 26.52304 25.58899 25.51088 25.94925 25.65994 25.54031 25.93971 26.67816 27.47494 26.40184 25.07777 24.66597 24.55943 24.56907 24.77017 24.72023
