Tool-HazardMap/Data/MeanMaxDayRain.asc
ncols         720
nrows         360
xllcorner     -180.000000000000
yllcorner     -90.000000000000
cellsize      0.500000000000
NODATA_value  -9999
[rows 140 to 167 of 360, columns 378 to 440 of 720]
7.27840 9.02234 9.75452 9.54948 5.49683 3.10007 3.46923 3.68284 3.54111 5.90292 8.65209 10.02392 10.59704 15.31474 15.64638 15.64451 12.68508 10.70708 8.32206 5.44826 2.57035 1.89520 2.07263 2.09073 3.01614 3.83589 4.20759 3.69123 4.65112 4.96294 3.22121 3.71264 3.55466 1.27668 0.70463 1.12710 1.10030 1.28316 1.53829 1.94637 2.45496 2.02279 2.39388 2.46098 2.46142 3.07587 2.85483 3.10240 3.45270 3.46304 3.24443 2.96299 7.47883 6.52500 6.67372 12.31288 15.48313 7.83738 8.39633 10.19794 11.74289 14.38062 19.03622
8.37905 9.61999 7.43633 7.71759 4.44337 4.53701 4.19895 3.68427 4.43818 5.79935 7.16914 7.60042 11.12757 15.77099 14.60275 14.96330 14.94750 9.84806 6.24013 3.72567 2.74464 2.27017 2.14420 2.37711 3.98573 5.35298 5.32498 6.23483 6.53424 6.82264 4.39186 5.72310 7.31589 4.35457 1.64600 2.08519 2.31767 1.91814 2.07544 2.56103 2.61013 2.42759 2.21999 2.63099 3.56422 3.56877 3.91848 3.15726 3.43651 4.65077 5.96881 6.41389 9.62715 9.95177 10.98377 14.36067 18.16435 7.84635 9.20372 11.05887 11.75649 14.92987 20.54834
11.88819 9.66967 8.96486 9.38449 4.95508 4.58471 4.79980 4.62631 4.39044 4.56692 5.92130 6.99513 10.55298 14.11537 13.30994 13.26471 10.72218 5.78421 4.53795 3.48204 3.56132 3.52815 2.97814 3.94210 6.66708 6.96379 7.38609 8.44159 9.71320 10.62291 11.27507 9.02847 9.09224 8.17296 4.05682 3.03733 2.61188 2.52731 2.13722 2.38172 2.39848 2.42068 2.38386 2.63362 3.62603 3.46453 4.27084 4.15977 6.25522 7.49792 9.52262 10.55397 11.50012 10.32974 11.25667 12.93870 16.01989 18.12162 9.83754 11.19909 12.99348 20.38033 23.62841
14.96505 10.34014 9.16743 10.28423 6.17153 5.73717 4.13414 4.26285 5.20791 5.89447 6.02316 6.53418 9.36613 11.52149 12.04347 10.55259 7.93903 4.99801 3.87672 3.52724 3.57051 4.25297 4.58855 6.85830 8.87259 8.74554 9.20478 10.94813 11.99998 12.97618 14.22646 11.36108 12.07196 16.53825 13.84265 7.75658 5.62162 3.65698 2.99890 2.72420 2.60048 2.30397 2.73496 3.45986 3.15280 3.57470 4.11088 7.49637 10.96699 11.04637 11.92927 12.06650 12.11860 12.26058 11.68673 12.20312 15.57726 17.23154 24.83231 12.76830 13.91345 17.09360 18.04933
17.89267 13.58514 13.09571 11.95232 7.71277 6.09332 5.38204 6.56878 6.42540 7.25595 7.19298 6.69300 5.95536 9.21888 10.97701 10.20594 7.65490 5.75402 5.18496 5.29513 4.44869 5.03402 7.25792 10.80986 11.18044 11.97476 12.38365 13.62033 13.50491 15.32784 18.21574 17.33018 17.55246 20.93848 18.50741 13.92304 12.28315 8.68176 5.42089 5.66079 4.77653 3.41321 3.22200 3.00102 3.42971 4.12769 5.80190 9.27344 10.26137 11.67790 12.07083 12.81461 14.05821 14.38010 13.21016 15.50525 12.33044 22.62556 26.98399 30.62546 12.11206 11.66605 13.68229
17.27278 15.28734 12.97842 11.63751 13.47913 10.53266 9.29387 9.95105 9.25294 10.53938 9.93525 10.64927 11.29043 12.72565 12.72039 9.41689 8.20776 7.39989 6.67841 6.60809 5.48795 5.55292 10.17896 12.77604 12.81845 12.62024 13.12275 14.55833 16.68105 18.04932 19.25545 21.69363 21.25848 29.94641 23.75060 16.36563 18.79893 17.92342 14.66210 12.46095 11.36221 12.19526 8.79613 4.96012 5.44595 6.77114 10.14622 12.03113 12.15535 11.96370 11.53014 11.81554 15.62990 15.96341 17.06779 19.86199 21.47287 27.58729 25.80234 23.01698 11.42075 11.79304 11.97037
19.90421 18.03646 16.53039 16.94099 16.78601 16.74995 14.99607 14.82528 15.80063 14.68105 14.24793 16.35009 23.77811 24.45690 18.47049 11.45759 10.38783 8.80655 9.48091 8.40792 8.07431 9.05035 14.18361 14.43020 14.60107 15.02249 15.39595 17.75670 20.32476 25.44495 27.88402 26.88360 29.35653 22.62712 23.92112 22.71802 20.89859 19.13062 15.40768 17.63416 18.27958 16.99295 17.52002 16.18151 12.23394 12.74451 14.17040 15.93309 15.58876 15.60117 14.40659 15.75320 17.67559 18.92699 20.52531 21.09752 23.48886 25.86146 24.88823 25.52434 21.15891 10.93212 12.81252
26.46808 24.16412 22.95067 20.36045 22.88423 24.48453 21.07507 18.78087 18.58298 19.47293 23.99887 21.32994 31.93886 39.17779 28.27964 17.39683 13.80314 12.10429 9.89489 10.17263 11.04240 16.61313 25.26548 18.72003 16.27827 20.83436 25.02420 26.01770 26.26074 30.37485 31.28679 35.22829 31.40650 30.17085 24.34806 22.90234 19.85889 23.83780 17.96726 18.90399 18.57320 18.20552 19.04974 19.47306 14.08801 13.67672 17.57390 18.35137 17.48925 18.47395 20.14050 22.38116 21.89013 19.87256 21.36738 28.01200 35.67277 33.84754 26.55134 25.45103 30.01324 12.59205 14.84480
40.79626 32.05495 25.39289 23.86427 26.65535 27.27531 25.81026 23.00841 22.90173 25.24068 25.74707 25.78350 38.75595 43.09963 42.87599 26.12217 18.26555 15.48581 13.96635 14.26575 15.11181 25.32343 30.25095 25.30066 26.03946 29.33427 29.19843 33.18607 33.45365 33.25831 33.47095 34.05238 29.32320 26.88275 25.18235 23.45503 22.58894 22.85244 23.36706 23.01994 21.28747 21.04040 19.31306 19.76708 16.15104 17.02326 19.21497 19.81744 21.22401 19.95051 21.30395 23.50014 25.24468 23.71219 27.28359 31.49712 35.70457 37.77480 36.67110 31.36663 50.60486 40.70746 17.30105
38.02632 30.46001 23.75326 25.04150 29.14833 31.15675 32.96936 32.37754 30.05164 33.56997 31.03779 36.18597 42.70607 51.23090 54.40304 41.60863 25.36824 16.58704 18.46697 20.51760 24.47260 29.65610 27.82536 26.41199 24.77477 28.35632 28.32103 34.15506 35.37726 33.20238 32.08303 29.25424 27.88069 27.81568 25.69523 24.54016 23.49155 24.33858 24.93621 26.46636 25.55880 22.12901 21.85857 24.79008 21.39720 20.37234 20.00166 24.07790 22.58311 21.12724 23.02238 30.47059 30.86723 27.15664 29.53286 31.91533 29.92531 35.66909 42.87584 33.79252 39.64616 36.84215 36.59067
36.16697 36.38711 30.96900 28.26293 33.30581 37.80759 47.20340 51.24233 50.31304 45.66691 41.65460 40.04464 49.13713 49.73702 51.76902 51.03026 47.44121 35.60205 33.16293 30.94109 32.82945 32.29810 25.53873 24.61527 24.79490 25.61005 25.85935 29.33362 33.75980 31.00049 26.89186 28.38111 25.33213 24.86258 24.02681 24.17985 23.73572 25.57222 26.10002 27.65821 26.11952 27.33511 26.42903 25.93042 24.68119 23.83545 22.69492 25.61089 26.70100 26.19076 30.16718 36.53189 35.50058 35.36919 34.62240 28.49458 39.99124 56.78837 51.84793 38.87004 32.80969 44.18970 40.94011
36.86447 38.19487 39.97769 39.92660 48.71656 48.94973 45.85538 55.19224 63.64053 52.48040 53.25673 45.34232 47.61338 48.31556 48.54967 55.25780 49.71121 47.27722 41.87890 35.90724 32.03394 29.75385 32.23994 29.33704 26.22553 24.58564 24.84757 29.05696 32.59255 27.29292 21.59686 23.00239 24.16684 23.88198 24.30265 23.84940 24.26639 25.61853 26.64403 26.45246 26.32028 30.61335 29.97631 26.93947 26.03092 25.18155 27.47274 28.62182 31.13328 26.77960 28.77126 36.77251 40.34702 38.35061 37.41697 38.11453 50.62630 53.30401 46.17796 43.78404 41.66621 55.28142 44.81826
43.26076 40.40815 39.70483 43.16385 47.96840 48.51524 50.14117 64.63234 60.76823 55.41333 55.65812 55.00652 48.41863 46.55480 50.48571 56.90152 52.54768 51.81397 44.70795 40.02910 32.53740 29.61204 35.69950 34.51514 28.01923 27.13839 27.64824 29.74009 31.05378 34.28567 28.27116 24.90852 23.41447 23.23318 23.58667 23.94346 24.26788 25.78237 26.63394 29.18509 30.10582 30.52211 31.68433 27.99343 28.32721 26.12002 28.91823 31.62374 29.32796 31.72836 35.98170 37.55759 40.13038 41.94632 44.10993 48.99245 51.78017 51.42376 46.83700 46.99407 51.83072 71.27041 50.19233
42.04593 44.31853 45.11341 43.05601 44.40469 48.11814 56.54286 91.55227 77.58687 64.60751 58.80717 56.68179 49.11903 48.40122 53.18330 57.09091 58.30047 52.27785 44.90415 42.92324 35.45239 31.10437 33.12414 34.11316 31.68875 31.27152 30.21646 30.92452 30.39483 37.48784 36.60445 31.68941 22.65414 23.07359 22.91637 23.02257 24.99152 28.39193 30.94991 28.40454 29.52826 33.40035 33.66378 30.78052 30.01154 29.37334 30.31095 33.19955 31.29003 34.50974 37.48251 37.62428 40.27093 47.36760 47.50504 50.78586 48.72952 45.84491 42.32995 40.33599 39.67173 41.11586 50.29490
44.97269 48.57569 45.47573 44.09352 45.89605 50.44451 55.70733 63.88243 67.47878 61.38813 52.56671 48.21362 46.42896 45.20784 54.35069 72.00272 73.47915 56.34918 48.91223 46.97716 40.94399 34.68785 33.97747 34.02667 36.81759 37.08884 33.15244 33.39676 31.44137 33.81465 32.14494 29.33956 26.12978 25.20431 26.00226 26.37986 26.57170 29.90688 29.65428 28.92488 27.61252 31.64178 34.40474 33.83717 33.44523 30.51381 28.97973 31.02039 30.69694 34.14477 36.51087 36.53113 39.80713 45.17183 46.69237 49.10143 45.84481 49.47882 42.96148 40.05948 40.71109 49.28591 56.22806
52.30575 44.10233 43.70671 59.69347 70.16671 68.26010 64.67831 75.66842 67.96453 53.99595 45.87172 43.96242 42.74541 41.93718 54.74674 77.34084 84.04072 64.79888 57.02422 46.92084 38.32039 35.04410 33.98763 34.06623 35.87668 37.35420 34.27418 33.94303 33.25031 30.30285 29.96175 29.44301 30.45476 29.39027 30.43047 32.21341 30.98809 27.30864 26.56319 27.53363 30.75647 30.90910 29.99925 33.37215 32.90638 32.75242 30.33867 32.10431 30.31289 31.44865 33.98517 36.11169 40.72207 51.38729 48.69579 47.46201 47.02468 48.94895 47.14406 47.09069 52.40519 53.36742 57.83737
66.67432 58.46596 52.97026 62.52819 71.43487 72.45997 69.02800 61.93023 59.19777 56.79293 47.95181 43.51639 42.58995 47.01352 55.39744 74.63221 71.28362 55.38604 47.35269 41.05560 36.52649 36.26831 37.51710 37.81401 34.94196 33.91925 32.62500 30.75667 33.63042 33.43570 33.35223 30.24738 30.00381 29.66845 31.10922 33.03577 34.31363 30.74115 24.21640 23.60076 30.57177 29.39174 30.63252 32.80680 33.43929 31.15176 31.86374 34.81025 34.67719 37.05946 36.05905 38.11092 44.03940 66.40762 67.82533 54.63869 58.72521 56.13607 60.32042 54.53290 62.28486 56.12054 53.12187
61.71872 64.71398 57.95789 67.01059 65.05446 70.53058 57.37691 50.29927 49.09897 46.66213 47.48387 43.29677 45.72212 51.21219 58.06583 69.86056 61.76728 51.53012 43.07837 39.25240 37.85857 35.87478 37.34559 37.32483 36.62607 31.90660 31.86105 32.19180 32.37487 33.89314 35.23443 35.11410 35.83462 33.28752 31.10590 32.21435 33.59554 34.14114 28.04628 28.17941 31.57432 31.77005 32.14809 31.20656 31.43983 30.69040 32.17567 37.59519 35.19679 36.61428 40.32472 39.57579 51.62754 60.70622 63.40380 65.15436 48.73558 51.66690 51.24188 48.60435 47.28234 47.26750 57.08792
50.94143 56.90136 53.92471 56.36886 60.01210 61.27295 48.23691 45.66790 45.91744 40.08567 44.05654 46.19628 45.29253 53.42663 65.02917 57.24508 57.56588 52.81259 45.87894 40.96544 39.11390 38.46868 37.19555 36.56880 36.05469 32.16477 33.74676 32.61004 33.93768 35.63574 35.88997 34.92069 35.15067 33.10783 28.82522 30.91132 32.32157 32.11006 28.54227 28.31176 29.86416 31.38334 32.04931 31.35813 29.44575 29.84881 30.93024 32.36474 34.12362 39.31025 44.06032 38.17297 53.00012 88.70346 61.18022 55.77251 37.76024 47.93261 44.56897 52.38415 46.98041 45.70394 51.43977
42.24118 48.84700 59.00680 66.47055 66.38706 58.79708 55.37229 55.41406 48.56235 44.53554 46.76738 51.44376 51.65868 53.40179 52.88417 58.28258 60.54348 49.61323 45.72639 46.53980 45.60807 40.39841 38.22237 37.79507 37.31147 35.15871 34.24913 33.88663 33.70576 36.19661 36.31698 33.84966 33.68641 31.64072 29.82210 29.10867 31.75462 29.27647 27.23639 27.35772 30.86577 30.58534 30.63689 31.39489 31.17899 33.94109 34.28949 32.92603 33.95574 36.12984 39.30024 33.44317 46.37477 71.64343 53.84865 49.94940 46.61809 46.59508 43.09305 48.97795 54.12541 62.40332 55.46926
40.16230 50.25775 60.62119 68.36578 60.73508 57.50536 55.90753 55.93598 52.21246 54.28828 59.98796 72.53892 74.39801 63.69447 54.32516 52.35880 57.77939 52.95493 48.90390 47.68272 47.36326 42.98018 39.68922 40.27153 38.28336 36.05098 34.25173 31.10191 31.70701 32.97094 34.28271 36.29291 34.95785 35.92811 38.20213 38.59544 36.11046 32.90792 31.23073 33.09156 34.16115 32.67936 31.33099 30.90872 33.68805 35.53568 37.89013 37.44194 35.12530 36.09753 34.89118 32.62736 42.27422 49.19524 52.82183 55.91175 78.35820 52.38256 42.94344 43.20959 49.76400 61.92259 46.21207
47.59671 58.21229 62.94110 62.24275 64.95678 60.29505 55.32566 53.91738 51.68936 53.79311 63.09945 87.77862 76.70139 61.09257 58.76706 50.95904 52.42919 50.86688 50.65380 48.95968 48.83144 43.44997 42.22408 37.67855 37.94416 37.76852 33.62202 31.86373 29.96761 30.68871 33.24686 34.65666 36.25775 39.26892 39.24134 39.56048 39.91078 38.99708 35.65221 34.89916 33.48449 33.15042 30.78061 29.74410 32.44887 34.87868 36.45851 38.74932 35.08191 38.53326 40.54745 35.27614 42.23893 44.62250 60.96355 60.73287 43.12850 42.23549 54.12281 42.57804 39.18316 40.00959 43.05181
53.34596 57.28291 61.53768 57.57480 55.46764 43.57198 41.26923 44.28456 49.42229 52.73329 55.23368 60.53505 58.14071 53.08350 50.62317 51.09828 53.11305 53.33126 54.67953 54.00906 50.32304 45.84133 43.39361 42.08617 38.28422 38.22849 33.63213 28.31861 28.09421 29.25056 31.98294 33.28978 35.99611 40.98922 39.97876 37.68567 37.40751 36.95928 35.52061 34.82463 34.69735 32.13572 29.30068 29.14245 32.25435 34.13141 35.44021 37.14802 42.54335 46.50778 50.19929 39.02477 42.02183 43.05359 49.54699 48.42383 41.85208 37.98723 36.63148 34.00509 33.59565 37.54300 38.99422
57.15167 56.29219 56.06574 52.52657 48.32125 38.07005 43.46630 47.86676 44.61050 49.79319 43.78856 45.54417 48.89985 48.74589 46.90166 51.29360 50.94268 49.41648 51.19617 50.58472 48.79642 43.61918 43.43795 43.86920 39.03145 39.22814 37.08060 37.30634 37.01285 34.62540 35.42797 35.87329 36.40119 38.88571 38.66620 37.03240 36.55354 36.05154 36.34587 35.10335 31.89633 31.92927 29.54132 28.63454 30.70794 32.11994 35.71663 35.19335 44.31874 51.05224 55.05897 50.09569 42.91811 48.83211 49.92110 43.26239 45.07594 42.62746 50.82125 42.26927 38.99514 54.10378 48.73121
57.81644 53.13210 49.02929 43.34571 43.76629 47.38780 42.06174 35.00447 40.34462 40.53189 39.94821 40.62718 46.07646 50.92810 49.41425 49.38299 48.07081 44.83664 49.06725 48.14571 44.07920 41.74439 39.43771 42.59532 38.64545 40.79624 42.00442 47.24403 49.59426 46.72353 39.65592 37.99909 38.17439 38.26363 36.99747 35.14292 34.94434 36.71263 36.46573 34.90881 32.40559 32.31820 31.61793 29.76650 29.85770 31.81279 34.50001 36.88620 41.63515 48.44609 68.62126 75.01122 66.95425 47.56588 48.42027 36.38012 34.09800 32.64650 36.35381 28.59895 35.37658 41.21898 45.70309
65.48981 56.20807 47.11979 41.63781 40.53098 38.04441 34.67337 34.34499 36.74056 33.25678 33.22602 37.81537 40.15663 40.99823 41.61569 42.02142 44.38817 45.16429 47.27678 44.03281 40.72019 38.56380 39.26743 42.37439 40.76543 43.60903 44.99023 46.46941 52.72596 54.29937 47.67273 43.71849 42.57689 39.74247 38.59754 36.90298 34.70753 35.71554 35.40934 33.88617 33.32656 31.39746 31.46910 32.35508 32.32361 34.29926 36.68624 40.72232 40.33875 46.71352 74.28387 80.79864 62.04879 39.01551 36.19986 37.01813 34.67370 33.76548 35.09321 35.37178 30.92986 29.74953 35.53603
75.44784 66.90122 51.44593 44.46308 33.51350 33.66250 35.61495 41.03897 38.93840 37.25139 37.61619 35.74552 35.42942 43.08241 42.14311 42.46469 44.11015 42.05026 42.02885 39.57933 38.12188 37.17480 39.98262 43.60325 41.68495 43.12190 42.39263 50.77915 57.46545 56.62312 52.48637 44.15812 38.23760 36.96761 39.39244 38.70912 36.33197 32.69958 33.14450 33.00851 31.30250 28.84983 28.60562 32.88813 33.62306 35.99094 39.47533 39.86932 41.33417 46.72347 64.04126 67.48730 49.76917 38.93450 45.04011 36.59909 38.60013 32.33848 31.91412 44.20029 28.21095 27.07858 38.31471
86.01318 78.09413 49.10734 40.68158 44.39644 36.68519 40.35044 46.18156 45.20603 44.03068 43.24240 42.82349 48.42215 53.03517 49.27741 42.43799 42.00045 38.55401 38.92396 38.32586 39.21100 39.12373 39.73794 41.94675 41.00187 42.36257 45.31578 51.66917 57.50036 54.42667 50.82331 45.98648 44.14008 40.91575 40.20819 37.70941 35.55396 32.83847 31.62006 30.11855 30.57587 30.60575 31.06707 32.70115 35.72488 39.27062 39.26137 40.84208 42.63373 44.03728 57.34338 68.39646 54.67569 49.82599 43.36769 34.08371 45.96389 36.76797 63.73302 59.32973 44.48549 48.12545 49.04444
