Tool-HazardMap/Data/StdMaxDayRain.txt
ncols         720
nrows         360
xllcorner     -180.000000000000
yllcorner     -90.000000000000
cellsize      0.500000000000
NODATA_value  -9999
[rows 84 to 111 of 360, columns 378 to 440 of 720]
6.39150 10.91779 14.23849 15.22705 17.48022 17.35416 16.81032 17.68949 17.81632 23.80293 13.47735 14.54149 15.77908 18.90669 8.88602 9.41599 8.45928 7.54606 8.43049 8.55734 7.98206 8.51788 8.84333 8.54345 7.17239 7.03979 7.62498 7.10865 6.11512 6.01100 7.50202 7.84708 10.42911 14.48857 17.03859 19.37074 19.12816 19.74317 15.63187 14.30893 13.38588 11.19408 11.02458 13.84966 16.41467 15.77261 14.49639 11.02143 9.98085 9.60831 9.24814 10.26291 10.76337 9.97533 10.16109 11.32629 11.97275 9.00075 6.99700 6.95454 6.76283 8.12965 8.36482
14.05992 16.41546 16.04940 13.76231 16.06276 20.13193 19.77038 22.66862 18.82434 15.40518 9.97634 9.41275 8.09975 8.15713 7.93048 7.36922 6.95489 7.45095 7.19786 8.17727 10.09168 9.53932 9.52468 8.17472 8.51574 7.69505 8.16818 7.05373 7.45969 6.13944 5.47188 4.99975 7.07304 12.52030 13.37218 16.57224 18.50673 18.84491 17.21424 15.00515 12.44102 10.32357 11.72443 15.03956 15.42599 14.49040 11.49349 9.01196 9.04956 8.63090 8.99577 11.96618 12.56612 9.98345 10.97440 14.74034 14.05274 11.11088 8.19490 7.88184 8.46898 11.79370 10.17697
21.77262 16.99061 14.05374 12.67335 12.34345 13.72072 11.22090 18.26658 17.19024 11.30219 12.54120 12.12295 10.84668 10.27930 9.38662 7.70993 8.57569 8.21306 8.66606 11.31922 10.95692 8.88175 6.70734 5.73653 8.43214 8.52885 9.68980 16.07395 11.58310 8.80217 6.92114 6.37728 7.56048 10.06137 13.17782 13.77106 13.60722 12.19291 12.96323 13.44451 11.51890 10.20346 10.70105 12.98174 10.49483 7.99981 7.31627 8.06164 8.12307 9.28850 9.34770 9.84851 11.61074 10.90184 15.82132 17.05408 14.57743 8.35266 9.18874 7.82701 7.02849 9.83481 8.53153
23.87958 18.19622 16.23749 14.53692 12.71071 17.62838 16.54561 16.66417 22.80532 26.31416 14.92382 12.43019 10.60966 8.25190 6.42016 7.65943 8.55115 7.67583 7.94206 9.02385 8.63256 7.99276 7.38024 7.24277 7.34058 7.79875 7.31638 7.23654 8.87995 8.84036 8.63501 10.18389 8.85227 9.60818 12.47458 14.43160 14.69271 12.54610 13.18155 13.17607 10.14214 11.23732 12.15028 12.40227 12.85696 12.58102 9.01664 8.40828 10.81582 11.72467 11.15163 11.54089 9.14562 9.71738 19.10970 18.48647 11.44631 8.29703 6.38161 6.81896 6.49980 8.78721 7.72875
14.89698 15.80200 13.57713 14.73989 11.77433 12.66173 11.82677 13.61397 13.82699 13.16855 13.22394 11.01830 10.34217 8.69282 8.01722 9.87828 9.89779 9.14282 8.97186 8.73150 8.65353 8.88967 7.08329 7.25062 7.47770 6.67529 6.13278 6.17134 9.23971 7.04282 9.61627 14.02397 12.14897 10.90569 14.90315 20.10774 19.03799 15.10890 13.81416 12.23398 10.74718 12.41298 12.22101 15.81061 11.91741 9.19025 9.72374 7.86744 10.30165 12.90045 13.73636 12.22865 8.79334 8.04233 8.58449 9.93291 9.69493 7.53813 7.03261 7.67919 7.22317 8.18005 7.20635
14.24846 10.98465 10.06762 13.96966 12.71896 11.12386 12.10566 10.48874 12.50532 11.47045 13.41439 14.43192 12.19698 11.73194 11.78127 10.57696 10.64418 11.97854 11.36670 9.96025 8.98920 10.73274 9.97678 7.71311 11.52187 9.07301 8.29395 8.02302 10.70976 7.57507 9.69757 11.45916 10.87918 10.31224 11.24423 16.90477 16.64815 11.86934 11.17582 12.53791 11.09701 11.80278 15.87721 15.82125 13.88734 11.80738 11.00999 7.85098 10.05171 11.68304 12.24543 11.04656 14.51215 11.93842 14.03219 13.52081 12.65387 9.32885 8.10670 7.56292 8.49975 6.93620 6.76332
13.51809 13.02893 13.61124 14.06192 15.30437 12.11624 14.89790 13.07673 13.03487 8.13132 9.63811 15.30000 16.51823 14.06015 12.56758 10.68501 11.06731 11.59038 12.32231 11.83634 12.99230 11.92763 14.52570 9.75888 13.63580 10.48353 10.40372 11.54582 11.95123 11.45759 10.49911 10.91387 15.03346 12.33594 10.73043 11.78520 10.89128 9.66341 11.18601 13.31896 10.23805 11.50947 14.34282 13.05020 15.36169 16.59225 16.97096 14.61930 13.20155 11.40232 10.43140 11.47134 10.75890 11.59708 13.12977 17.98778 11.00568 12.82670 12.04115 10.13055 8.16441 7.52627 6.75917
16.51786 19.53182 14.94652 18.06376 14.18510 16.73726 16.64381 15.97088 12.58600 12.86359 10.54113 12.94182 13.31259 12.57924 11.67774 11.01212 11.71810 10.56433 11.17279 13.24762 14.44255 13.56648 13.45419 11.19998 9.94800 9.26480 10.66684 12.44510 12.02755 13.92131 12.36561 10.71141 12.20829 13.73340 14.37411 13.59612 12.63003 13.55081 14.93131 11.36970 13.24680 16.23335 17.28807 18.50047 21.51302 22.21249 20.20842 14.56097 13.00889 12.24608 10.66675 18.07836 12.02724 11.39836 13.68075 17.57364 14.28951 11.98274 16.30586 12.75029 14.53030 14.41932 15.53006
16.32517 16.60339 13.54026 10.47714 10.07335 11.85841 11.38462 15.06640 16.65627 18.51779 10.19243 10.39855 14.04111 11.63519 11.86892 12.81591 14.06043 17.66717 18.97174 11.79746 10.08420 9.92714 9.32540 9.21559 6.33376 6.47583 6.12908 8.43550 9.49279 8.32677 8.95575 12.26471 14.70597 14.39303 15.65457 16.97598 15.84929 17.65736 27.47956 25.20702 16.46957 18.45816 18.86388 21.57978 23.52958 23.52578 18.46560 15.95572 13.73618 12.31937 13.95418 13.83080 12.61997 15.37229 17.15289 16.70289 10.62606 7.38774 8.13531 14.54678 14.08897 18.13702 20.14261
16.16102 15.79439 13.93039 15.06407 13.35609 12.08792 12.35979 14.34979 16.17747 15.39195 10.84542 11.78237 11.94407 13.81121 13.69928 13.54414 16.75992 16.44158 16.62808 19.46339 14.24144 8.78693 7.68260 9.18137 6.48877 7.23303 7.40299 8.52250 11.44595 11.90198 11.01358 12.12770 10.67147 10.13790 10.94612 15.78482 14.37101 16.31671 23.45269 25.51738 13.47651 15.87146 16.37887 17.53345 18.26447 19.77713 15.98909 13.43779 10.58618 11.32792 10.60262 11.07510 15.19019 17.27943 15.18240 12.86286 9.62138 7.75239 7.72977 9.42568 11.69321 23.01814 21.15460
14.32419 9.04750 10.88861 15.74395 14.90755 14.83720 14.04249 11.70430 16.08600 14.85613 15.11095 10.77080 11.05149 11.57101 11.99016 11.72104 12.55612 18.82114 22.84039 24.70389 17.93909 12.62230 10.14651 9.01291 6.78256 8.32390 8.35484 9.44713 12.66205 14.24155 9.59821 11.22929 13.30858 11.92179 9.64954 7.96773 11.42431 13.67130 9.57726 9.72488 12.57126 16.74943 19.90804 16.52155 16.02549 16.37242 15.64249 11.62657 10.12330 11.16721 11.46067 13.43252 16.94551 14.44057 11.84006 10.59143 9.99798 8.16535 8.08400 8.23203 9.51224 11.05535 11.83867
20.29629 25.25382 13.17376 15.52490 16.37481 20.83162 18.84558 12.74450 14.18282 15.03427 16.95707 11.34805 12.07527 10.55104 13.72990 13.56516 11.96897 13.33443 23.86017 23.32504 14.73203 11.49686 10.24757 9.54746 9.20883 7.98172 8.21319 7.73108 9.35150 10.87826 8.71252 10.11974 9.75553 10.11452 11.56293 12.48917 14.12042 16.04774 9.89201 9.17288 10.72276 17.54139 17.16233 12.12261 13.95621 15.03974 14.74280 11.26928 10.23974 9.70055 11.08461 12.18666 11.11890 9.05449 8.28924 7.97257 6.62285 6.58120 7.39383 10.07617 9.60444 7.29170 7.30421
18.00715 14.55579 10.60774 11.15654 12.93977 12.71676 72.06859 19.74326 17.10137 15.64886 13.47273 11.12402 9.42239 10.63143 10.25801 9.97920 10.03602 11.50621 12.83856 11.76052 13.69499 14.90855 9.79046 10.58936 10.10671 9.14893 11.56740 7.41156 7.67439 6.97360 5.89395 8.39478 8.55602 9.12687 9.38224 10.14778 11.57987 11.28538 10.97915 12.54233 15.30175 13.67381 12.16043 9.26209 9.73669 11.18590 14.61194 11.37948 9.83630 12.11105 13.29714 9.96111 11.02449 8.46070 9.19311 9.48185 9.21207 8.81697 10.02658 11.57886 9.44644 7.87098 6.77345
13.37650 14.00400 10.98419 13.64995 16.17835 18.16863 17.96428 11.10360 15.60524 13.67020 10.88884 10.42745 9.59500 10.70557 9.84558 11.40970 13.04983 11.04471 14.95800 14.49031 14.57259 12.01374 12.01858 9.34130 10.44680 10.48779 13.98203 9.54363 6.55391 6.55133 11.63053 11.76330 10.10080 10.22827 12.16714 10.59996 11.40657 13.21565 10.62805 13.04021 12.34570 14.27488 13.09891 12.48618 16.19317 14.41650 9.09916 8.21140 7.51298 8.06398 8.27178 6.31977 5.31443 7.79165 7.52150 8.86666 13.49231 16.63348 12.69019 10.13538 13.39802 15.46420 16.52813
17.95471 13.20962 10.85124 12.31360 14.38257 12.14277 12.90377 12.20163 10.20613 10.26052 11.45024 12.01262 10.46344 11.39938 10.00368 18.11035 16.26703 13.81588 13.57467 15.92018 19.93875 15.03567 13.70425 12.90350 10.79902 15.57021 17.12865 12.35247 7.91486 8.00930 14.04252 17.17706 12.92628 13.64650 12.51308 13.64696 15.32644 13.64996 12.64599 12.40784 12.12099 13.61047 12.23325 10.74751 9.68943 5.79382 7.48931 6.90001 5.80630 6.65222 6.85898 6.70877 5.76950 6.72214 7.02849 7.50713 7.97203 12.83837 16.08041 12.78268 9.38984 12.90264 12.76035
15.22009 14.07226 12.86581 10.27168 12.39967 12.15529 10.30763 10.63660 9.08929 9.22159 9.84251 12.32863 11.92149 12.24249 15.15722 17.02912 17.34745 16.13551 15.98168 17.19259 21.29569 17.37059 18.23566 14.96512 12.04059 13.59311 12.74104 10.50216 10.17817 10.87093 11.32429 10.84928 11.59125 13.83636 15.16057 17.30037 14.46548 16.81644 14.20503 13.10820 14.00091 10.86850 9.31905 7.87199 6.65991 6.94504 7.04447 7.09631 6.29498 5.32785 5.26664 6.97536 5.99962 6.67527 6.96605 5.96530 5.87071 8.08683 7.43903 5.95033 5.31382 5.20996 4.79732
17.20849 17.84677 14.69027 14.48029 16.25462 17.05434 14.92345 15.69093 11.94621 10.75994 10.51541 7.82950 9.66391 11.50332 13.92548 16.10154 18.66424 14.51907 14.12137 14.27535 13.37974 18.35573 15.54630 17.30349 15.82084 12.11487 10.75182 9.66902 8.57280 13.58960 13.78443 14.40417 13.08912 11.67557 16.66544 18.83249 14.21515 12.61729 12.24931 13.79884 12.91693 9.78616 7.82355 5.76996 4.96429 5.33467 5.43184 5.61346 4.80621 4.22443 5.61560 7.64276 6.43816 5.51992 6.18918 6.37015 5.94815 4.05389 3.98335 4.87238 6.15540 6.32687 5.45006
13.74353 13.10092 13.40692 12.12326 16.87569 20.85628 16.80891 13.82495 13.54263 13.89666 18.04960 26.64420 19.79342 10.07883 10.11305 22.02575 24.42484 20.08361 16.25141 13.08395 11.80696 14.45434 13.96108 14.09875 13.30226 13.34132 12.87212 11.91393 13.80331 15.61559 9.75916 15.02060 13.67403 12.10689 17.14116 15.53976 11.99415 13.00361 13.66524 15.13233 14.57527 12.32259 9.90426 5.27081 5.14955 5.37063 5.87994 5.40638 5.80903 5.67935 6.45276 4.92199 5.25968 5.39438 7.28139 5.39589 5.77200 4.09911 5.47347 6.15058 7.53829 8.25400 7.60174
11.75978 13.87646 13.33358 10.94887 11.27041 13.13639 14.50008 10.87557 12.79750 17.50218 37.19352 34.46801 29.81256 12.86168 16.81140 19.14690 30.71239 27.07627 17.48102 13.11849 12.82649 13.26618 14.89837 13.29472 15.73515 12.02271 13.94703 12.31565 11.23673 16.73367 13.06711 10.93090 11.79814 12.23535 11.19686 11.27210 12.79418 12.30642 11.53636 12.18358 10.49286 8.01916 6.36059 5.14560 6.14004 6.15830 5.65434 6.00960 7.13701 7.41487 7.15066 6.57849 6.23952 6.96819 7.20036 5.68781 4.66083 5.81948 6.68683 6.12402 6.62537 6.84317 7.40523
13.46053 10.18236 12.22406 11.75961 8.25837 11.08272 12.06219 12.79310 16.77402 14.11350 10.26232 11.37366 13.77436 17.70211 19.45924 21.02631 20.79965 19.36964 14.93003 14.68866 13.54792 13.52109 13.22032 14.30319 11.17730 12.16895 14.97766 16.56977 15.95425 18.48364 21.52353 12.87775 10.79730 14.05501 14.99964 11.43778 11.69946 12.09993 10.95640 10.07436 9.46639 7.93340 6.66229 8.51079 8.07360 7.95416 7.53336 7.29361 7.35430 7.12621 6.38406 5.70568 7.33141 6.78808 8.39894 8.12818 6.59778 6.27089 6.78760 6.50870 7.39827 10.16618 7.56435
10.01291 9.38401 10.67906 12.50916 9.96890 15.62497 14.04299 12.90988 13.24461 15.23279 17.58222 21.66931 21.54057 15.93818 19.46822 19.15162 22.70768 18.54571 18.71337 15.33964 13.18005 14.79859 13.54820 12.62234 15.33412 16.69677 16.87967 17.95941 13.95431 14.66541 15.71891 17.88883 15.95738 13.43260 14.30329 14.37578 9.24874 10.68946 12.20545 11.13493 10.93369 9.21293 8.24430 11.23007 10.20434 14.08638 11.81283 7.44686 5.98020 5.90854 5.39660 8.35626 13.52389 12.81645 11.29462 10.37136 10.12924 9.70231 10.46868 7.81138 8.16912 6.84101 8.13995
15.73762 16.84951 17.12005 15.60521 17.33212 13.57452 13.87127 13.00861 12.18103 15.95843 17.44604 21.64569 25.04988 19.51066 19.77281 17.76913 16.67836 17.16805 15.26029 12.13045 12.88459 13.42610 13.70536 12.71444 12.29052 16.83416 16.92516 22.36809 15.13053 21.72310 22.69992 17.98846 13.08208 13.19667 11.50253 11.29076 9.16121 10.79430 14.51669 15.56736 13.65756 10.82089 14.02755 25.10480 23.37241 21.03633 16.09853 8.15220 5.69240 5.42658 7.22817 17.22911 20.72438 14.17883 10.12394 10.84115 9.90567 9.58482 8.96126 7.49355 6.47820 6.81837 8.40285
14.88254 17.32096 20.09563 18.47987 18.68083 11.86763 10.03464 9.75817 15.91616 17.94513 17.46025 20.52146 22.69325 17.57741 16.32605 12.66783 15.40231 14.63491 12.22194 11.99457 11.64303 12.20252 10.04558 10.58370 13.31458 12.98201 19.41145 26.88077 27.17592 16.62308 16.40098 12.71149 11.56824 11.16222 13.43901 10.44357 9.38468 10.49395 19.50978 19.11812 18.64299 15.28045 20.98584 29.50574 32.36500 28.41057 23.02524 12.77763 9.43491 15.42532 19.48552 19.89452 16.15716 10.80756 11.65879 12.45074 10.16745 8.80466 6.62972 6.46075 7.13256 7.07255 9.42177
13.67526 15.14609 19.58717 18.50595 13.75028 12.36143 10.41659 11.49474 13.20713 18.16362 19.03467 19.54588 20.07843 19.22193 16.99758 14.78582 16.20195 15.11791 12.28887 12.90536 15.01943 13.35608 10.46441 12.51122 13.33999 14.17567 12.29357 14.53497 13.97452 14.47170 14.11512 10.78046 11.90987 12.48202 11.29394 14.15436 14.93315 16.53069 16.67127 14.98754 19.26406 23.81257 29.40096 16.84839 18.01845 22.96406 24.57272 18.85368 14.27656 20.93450 23.91916 13.06488 10.02530 10.25645 11.16768 10.91730 8.49351 7.56383 6.55783 6.84456 7.53946 8.82620 10.05736
12.75866 11.70114 13.34373 17.08972 19.24920 12.52517 12.54414 11.26709 10.75976 18.25221 21.09142 22.21745 14.57493 17.88858 19.54113 19.38272 20.18473 18.93337 17.81241 14.60813 14.99456 12.78180 11.72354 12.62896 13.39147 13.19564 10.91942 12.06611 13.36157 19.96084 18.92416 16.40962 22.18831 18.02307 12.45983 14.35027 12.90080 10.72601 11.80447 12.97068 14.51357 16.04065 19.43634 15.23231 13.53608 22.30549 21.40368 11.58274 9.98345 12.40543 13.22513 10.25227 9.04785 15.04293 12.90148 11.51607 9.36349 8.54353 7.60911 9.43249 9.21076 9.41550 11.03243
13.98079 15.28470 15.16399 18.47981 18.90935 12.24915 11.85967 10.39697 11.69136 14.24254 15.56557 13.82693 11.90819 13.40127 12.67063 15.73588 16.56125 13.56211 13.61472 15.32612 16.55074 16.31609 14.58727 10.15181 13.18874 14.69021 11.58439 10.66821 10.93210 22.44703 20.25816 16.66510 16.17530 14.35870 14.08422 13.38816 11.38166 10.43517 10.02578 11.88891 12.40438 9.54028 10.08967 10.49567 12.80305 15.21459 10.82441 10.85741 9.68732 11.40159 10.81877 7.55129 9.90026 14.25987 14.66896 12.80930 11.15583 8.24490 6.83147 7.90983 7.89184 9.01464 8.68542
20.44334 24.00117 21.89650 19.62099 12.38899 11.52611 11.86274 12.48681 11.45463 8.43468 10.74995 8.28148 8.03467 9.10769 11.13874 12.65505 11.38263 10.50090 9.49093 13.66998 15.31893 8.97404 9.96248 7.72864 7.17903 10.88200 12.31163 11.30285 12.37509 12.25562 13.81305 15.73894 14.71993 13.81886 12.50724 13.83916 11.87898 10.27978 9.24407 8.99495 10.85802 8.90620 8.33823 10.00705 10.93342 9.97380 10.56557 14.66674 14.46841 12.77801 9.01324 8.69165 10.39196 12.13454 13.37801 9.85453 9.94272 6.15782 4.71061 5.71106 5.52292 6.78272 6.51965
20.31492 21.93788 18.39290 12.03442 11.21900 16.27383 16.99185 14.37096 11.22474 7.38600 8.10730 8.09277 8.56217 9.40540 9.69553 11.13514 10.92082 9.40609 8.02292 9.05006 10.82575 7.48778 8.04420 9.68545 11.90275 10.07439 9.53273 8.84766 8.49134 8.81298 9.59063 8.56808 8.77688 9.91391 12.48502 13.83591 11.59246 9.63796 6.98771 8.00894 7.91845 7.80889 9.28648 8.80142 7.88029 7.67971 10.74614 13.90043 15.05816 15.43462 10.23473 12.54272 13.93727 11.60911 10.51406 8.49212 7.25486 4.94024 6.13732 6.25099 5.87294 5.76721 6.47638
