Tool-HazardMap/Data/StdMaxDayRain.txt
ncols         720
nrows         360
xllcorner     -180.000000000000
yllcorner     -90.000000000000
cellsize      0.500000000000
NODATA_value  -9999
[rows 280 to 307 of 360, columns 567 to 629 of 720]
4.99548 5.21753 5.51431 5.27906 5.07825 5.17420 4.84061 4.36967 4.57724 4.91657 4.42727 4.16537 4.40359 4.74554 5.36045 5.85934 5.77082 5.32654 5.65008 5.86955 5.53424 5.44386 5.64771 5.45048 5.28400 5.49925 5.56200 6.13153 5.06995 4.47684 4.88644 4.94498 5.69270 5.51271 5.41645 5.63948 6.57710 7.44560 7.96024 7.96274 7.92429 7.13862 6.42365 7.69284 6.93205 6.46963 7.82604 7.23536 6.27226 6.03145 4.65599 4.28798 5.42736 6.22570 5.66002 5.12295 4.98660 5.18512 5.33034 5.76900 7.11898 8.75256 8.82500
4.61256 4.74349 5.05662 5.00988 5.20974 5.73746 5.54884 5.48271 5.27425 5.04709 5.33895 4.93339 4.07973 3.92149 4.19367 5.57664 5.70646 4.96491 5.35026 6.00344 6.03185 5.56582 4.89146 5.21228 4.79366 5.36424 5.69044 6.01001 5.80483 5.21735 5.05787 4.89591 5.27042 6.06485 5.80865 4.82822 5.45596 6.21531 7.04607 8.13748 8.60589 8.27490 6.88735 6.77263 6.58681 5.99133 7.20438 7.99345 6.69834 6.34702 5.58503 4.45491 4.75114 5.41666 5.38731 5.18353 5.02909 4.56980 5.41040 5.73519 5.77693 7.55540 8.38150
4.40828 4.44189 4.48893 4.70136 4.90639 4.45182 4.81625 5.59692 6.03817 5.85383 5.35253 5.32374 5.27272 4.37785 3.97234 4.94362 5.57815 4.90971 5.25710 6.05012 6.31366 6.14239 5.54228 5.15768 5.06764 5.34824 6.08949 6.35665 5.40083 4.95900 5.62073 5.46787 5.29614 6.34665 7.07260 6.10089 5.43828 5.49307 5.62449 6.53768 7.64416 8.59970 8.12456 6.91722 6.09596 6.07027 5.98120 6.77157 7.12290 6.25165 6.28969 4.90425 4.32982 4.81791 5.27843 5.43765 5.19900 5.33735 4.93134 5.54036 5.30692 5.94527 7.45029
5.23488 5.32632 5.12383 4.95425 5.12139 5.00995 4.81819 5.17619 5.57550 6.02451 6.21055 6.11013 6.28165 5.88381 4.52041 4.09200 5.19994 5.10441 4.85110 5.51661 6.06803 6.31381 6.97990 6.95840 6.71563 7.09907 6.98090 6.52864 5.21180 4.84301 5.21803 6.19145 5.77044 5.76332 6.99643 6.81609 5.63318 5.76034 6.11322 5.82551 6.61919 8.46557 9.00519 8.85269 7.20112 6.27382 5.78739 5.83575 6.50792 6.50721 6.20563 5.98934 4.61011 4.63495 4.87667 5.00683 4.99679 5.33586 5.69716 5.67615 5.44846 5.38114 6.35197
5.73410 5.80038 5.55572 5.26220 5.63857 5.59894 5.37318 5.62487 5.72198 5.69230 5.95130 5.94180 6.15825 6.75830 6.19551 5.30679 5.13423 5.21999 4.91930 5.20145 5.60438 5.73650 6.62581 7.58685 8.48872 9.45684 8.86596 7.39399 6.13580 5.25316 4.68451 5.39169 5.91922 5.10695 5.58048 6.67063 5.99690 5.81513 6.38115 5.93799 5.66899 6.51390 8.37743 9.64178 8.84174 7.44004 5.82849 5.09060 5.52691 5.74210 5.56315 5.48769 5.64646 5.38375 4.72351 4.57295 5.05527 5.48734 6.29924 6.48642 6.24056 5.05521 4.86959
5.44760 5.38211 4.63917 4.33156 4.27573 4.51570 4.62449 5.22393 5.72554 6.13297 6.06235 5.93930 5.73547 5.89141 6.25379 5.99427 5.69025 6.15034 5.80651 5.49969 5.70793 5.50562 6.04731 6.81934 7.95138 8.78786 8.23140 7.31603 6.78878 6.21255 5.39059 4.84799 5.50648 6.12873 5.40682 5.99226 6.06413 5.55090 6.09753 6.36994 5.63025 5.63079 6.49894 7.77495 8.83955 8.72495 7.00168 5.55663 5.31319 5.52669 5.12956 4.59942 4.78277 5.17411 5.04692 4.98064 5.01669 5.01671 5.60377 6.80024 7.44666 6.55014 4.94038
6.22806 5.97522 5.62495 5.28953 5.09066 5.27648 5.04687 5.02293 5.24793 6.04400 6.25936 6.21032 5.99688 5.76520 5.80441 6.02213 5.83399 5.70484 5.89429 6.23063 6.40943 5.70869 5.52340 6.04941 6.81788 6.96344 6.40500 5.95963 5.75091 5.66989 5.68743 5.71495 5.58764 6.45946 6.36132 6.02306 6.49069 5.83931 5.29918 5.69334 5.53067 5.48114 5.34965 6.07079 7.38416 8.39158 7.99956 6.52655 5.81298 5.75261 5.34104 5.00721 4.94496 5.02086 5.08059 4.88933 4.83444 5.25882 4.89928 5.30837 6.21672 6.93755 6.95653
6.29962 6.22536 6.13468 6.25781 6.25056 6.11785 5.42237 5.22232 5.65675 5.97723 5.93774 6.29289 6.14953 6.48102 6.12011 5.64142 5.81099 5.43977 5.71048 6.36914 6.37201 5.97535 5.57209 5.44493 5.54211 5.70259 5.65518 5.41645 5.18085 5.07515 5.22349 5.27003 5.08819 5.69713 6.74013 6.69691 6.70509 6.69760 5.85845 5.10190 5.25582 5.33552 5.51594 5.36284 5.86848 7.55647 7.58104 6.76160 6.14237 5.89360 5.51724 5.83584 5.85564 5.79970 5.73396 5.58366 5.24188 5.24633 5.22066 5.15163 5.19033 5.64109 6.71514
5.15893 5.23710 5.20324 5.29365 5.52892 5.84042 5.78281 5.91477 5.93903 5.74646 5.65309 5.86754 5.83685 6.69410 6.53500 5.83339 5.55935 5.54026 5.80325 6.22898 5.79167 5.60028 5.65474 5.39242 5.03620 4.73169 4.88081 5.11941 5.41362 4.68166 4.34928 4.71326 4.67951 4.76246 5.71534 6.44679 6.36034 6.54102 6.32654 6.01935 5.42984 5.46712 5.56406 5.47269 5.20880 6.12509 6.75304 6.17123 6.15187 6.13333 5.48966 5.03974 5.46773 5.76019 5.77184 5.44753 5.75136 5.93606 5.95594 5.55433 5.57390 5.74804 5.50717
4.77699 4.84200 4.57732 4.41411 4.66656 5.35026 5.61002 5.63218 5.80538 5.83800 6.01913 6.34912 6.50224 6.41261 6.62096 5.38252 5.31379 5.47570 5.56335 5.66462 5.23923 4.69773 4.93280 4.92859 4.77204 4.46508 4.54573 5.55424 6.32014 5.97543 5.13067 4.31764 4.39588 4.45792 4.82621 5.65935 6.29065 6.40197 5.70740 5.75116 5.47049 5.40873 5.47855 5.39416 4.66767 5.51413 5.89463 5.31273 5.43805 5.74737 5.82039 5.27849 4.42702 4.74461 5.09719 5.31684 5.24174 5.40005 5.64833 5.65555 5.51334 5.72079 5.17658
4.67192 4.82227 4.78001 4.32135 3.84214 4.12697 4.34514 4.51843 4.81078 5.17684 5.56630 6.02492 6.73066 7.06208 7.27771 6.25749 5.89580 5.54230 5.56098 5.16091 5.01203 4.67017 4.58530 4.74034 4.52656 4.55921 4.58643 4.97934 5.48922 5.76750 5.43358 4.91480 4.65105 4.49895 4.22198 4.59116 5.62027 6.31726 5.96521 5.85397 5.51773 5.15979 5.23002 4.86119 4.44144 5.00624 5.31566 4.68012 4.59207 4.66047 5.24725 5.61413 4.97826 4.05751 4.57309 4.94240 5.09664 5.17567 5.51874 5.69955 5.31511 5.14531 5.33060
5.35716 5.42991 5.25476 4.83291 4.46477 4.42012 4.31906 4.20854 4.21753 4.22340 4.55235 5.10930 5.88580 6.67076 7.02453 6.88749 6.41594 5.93745 5.43914 5.17544 4.94812 4.57664 4.12721 4.29347 4.29820 4.39081 4.51238 4.49056 4.69764 5.02542 4.90807 4.57361 4.62869 4.64893 4.47412 4.50029 5.15387 6.08517 6.32040 6.02014 5.67823 5.24793 4.81690 4.58636 4.70307 5.00899 5.15976 4.31426 4.20401 4.45627 4.69873 5.24488 5.44779 4.75780 4.15266 4.61408 5.22338 5.15953 4.98592 5.35443 5.26117 4.97206 4.94705
5.41418 5.32846 5.44619 5.41638 5.08434 4.78383 4.42179 4.40987 4.53464 4.47168 4.47539 4.59531 4.81576 5.33741 6.07033 6.76951 6.44455 5.60109 5.35058 4.87606 4.79046 4.65253 4.13146 3.87454 3.63270 3.66285 3.90717 4.36187 4.69590 4.97936 4.97460 4.98585 5.11445 5.05082 4.92012 4.42755 4.33595 5.15533 6.04041 6.02143 5.60717 5.29219 4.71635 4.49062 4.76072 5.39231 5.45554 4.89372 4.11455 3.69695 4.00764 4.84360 5.41394 5.24821 4.58464 4.12964 4.51891 4.81811 4.71559 5.11997 5.13311 5.08712 5.02283
4.96308 4.81497 4.82667 5.14789 5.07393 4.84248 4.47670 4.29140 4.01441 3.96672 4.23266 4.35837 4.53734 4.90289 5.43917 6.16249 6.30156 5.45978 5.69060 5.88941 5.37946 5.32851 5.17227 4.63297 3.96242 3.74791 3.74090 3.64039 3.82406 4.73950 5.32812 5.40137 5.79173 5.96335 5.43846 4.71344 4.38228 4.42737 5.13500 5.50259 5.16813 5.09063 5.17594 4.92209 4.65743 4.82227 5.49601 5.08625 4.76833 4.20647 4.17764 4.94934 5.82430 5.98171 5.40288 4.47898 4.53987 4.56700 4.72583 5.00657 5.22541 5.13026 5.31586
5.27426 5.44870 4.99041 4.37147 4.56812 5.00935 5.23522 5.29069 4.71913 4.41301 4.35622 4.45419 4.64712 4.82949 5.07319 6.09188 6.68032 6.28623 6.29946 6.32610 5.94128 5.73116 5.65800 5.25866 5.00137 4.81810 4.65180 4.22149 3.60431 3.64974 4.16799 4.79714 5.39195 5.50298 5.29502 4.88831 4.70052 4.71470 5.11233 5.06319 4.78871 5.02854 5.18673 5.03819 4.79269 4.59325 5.09204 5.63978 5.64521 4.18984 3.71652 4.22959 5.49029 6.12259 6.03199 5.38931 5.17562 5.19863 5.07537 5.11101 5.11968 5.04302 5.23347
5.11621 5.51010 5.15956 4.60778 4.49153 4.29935 4.21875 4.36505 4.80515 5.51056 6.06753 5.78831 5.20733 4.74557 5.21879 6.43759 6.90595 6.44971 5.98526 6.11432 5.79998 5.40042 5.14542 5.24764 5.26694 5.23753 5.32876 5.53523 4.92790 4.35524 4.24826 5.04977 5.09428 4.98256 4.93154 4.80254 4.49702 4.50898 4.87118 5.09832 4.93786 4.95355 5.34302 5.40151 5.05177 4.44337 4.45589 4.78181 4.97349 4.09680 4.09212 4.09879 5.01103 5.65727 5.78778 5.74856 5.77126 5.76307 5.77948 5.42765 5.18230 5.21934 5.22951
4.68187 5.04917 4.79772 4.26528 4.49257 4.63411 4.13428 3.75333 3.90069 4.18053 4.30630 4.29723 4.61724 4.82304 5.61679 6.55213 6.56149 5.80299 5.13380 5.35966 5.30647 5.08312 5.04719 4.85107 4.70354 4.63431 4.60849 4.86688 4.84289 4.72664 4.74353 4.93741 5.09592 4.91909 5.03505 4.97232 4.44857 4.27170 4.50870 4.53490 4.47307 5.17853 5.93116 5.94444 5.18893 4.82932 4.47062 4.08533 4.12859 3.98976 4.68547 4.37011 4.57656 5.12549 5.19007 5.30483 5.81728 5.88593 5.98584 5.93498 5.57980 5.15214 5.12200
4.63726 4.74998 4.69251 4.43661 4.17877 4.83664 4.73968 4.11366 3.87503 4.17231 4.28422 4.36737 4.67659 5.04862 5.54548 6.29250 6.15672 5.21192 4.28296 4.45305 5.07291 5.27567 5.10099 5.30602 5.31142 5.18483 4.95133 4.51576 4.37411 4.61140 5.02834 5.45332 5.74751 5.62964 5.52719 5.28570 4.61807 4.25583 4.00130 3.72087 3.73849 4.68160 5.58303 5.86434 5.53985 5.02386 4.96489 4.89394 4.55381 4.42104 4.96389 4.67531 4.57835 4.82614 5.01263 5.12425 5.54963 5.71385 5.85973 5.78682 5.70033 5.28541 4.73867
5.06510 4.94778 4.63397 4.49614 4.26078 4.55675 4.82375 4.50025 4.43327 4.46801 4.46908 4.73837 4.90464 5.02689 5.53560 5.96190 5.75826 4.98095 4.43530 4.52206 4.80120 5.06472 4.86632 4.98094 5.37553 5.47006 5.39077 5.06348 4.86612 5.09450 5.01653 5.07064 5.12700 5.27734 5.59799 5.62765 5.20110 5.05736 4.90615 4.23427 3.89195 4.22485 4.60460 4.71632 4.78115 4.78857 4.84728 5.02743 5.02158 5.17226 5.28053 4.73131 4.41629 4.84113 5.11559 5.22620 5.33344 5.27727 5.26033 5.28788 5.33471 4.90360 4.59972
4.67440 4.65004 4.64578 4.64489 4.88644 5.07169 5.41765 5.35169 5.38134 5.35968 5.25961 5.19333 5.20886 5.01270 5.09545 5.40542 5.20204 4.60488 4.41376 4.59927 4.80231 4.98505 5.01539 5.05803 5.14249 5.30748 5.46376 5.46296 5.20235 4.93873 4.75557 4.44189 4.40889 4.49963 4.82080 4.91225 4.75956 4.51603 4.41665 4.10420 3.69842 3.69262 3.86363 4.53105 4.85029 4.88476 4.49498 4.13025 4.44796 4.84002 4.86109 4.39991 4.16862 4.15592 4.47286 4.72653 4.93309 4.86084 4.61731 4.63968 4.69270 4.86516 4.90879
4.29925 4.75615 5.10771 5.33142 5.51121 5.50553 5.43516 5.36166 5.37086 5.23555 5.05243 4.80022 4.58806 4.36818 4.47530 4.69223 4.65088 4.41526 4.22138 4.24205 4.29189 4.32590 4.50438 4.73950 4.72270 4.39658 4.57654 4.54822 4.67154 4.60689 4.66637 4.67584 4.50326 4.18083 4.24055 4.25437 4.38351 4.42809 4.30571 4.11390 3.83712 3.92235 4.05145 4.07641 4.30176 4.46708 4.11650 3.57617 3.70901 3.90605 3.94746 3.50894 3.33667 3.45412 3.52361 3.91083 4.45595 4.64029 4.53407 4.26099 4.35577 4.23690 4.59774
4.84732 5.43013 5.68645 5.69007 5.51928 5.22926 4.92168 4.60607 4.29746 4.22638 4.25468 3.92606 4.01559 4.24724 4.30957 4.22117 4.27816 4.22702 4.08290 4.05054 4.08088 4.22714 4.35330 4.29514 4.14873 3.98930 3.87411 3.74579 3.79799 3.65751 3.84639 4.12548 4.32926 4.45360 4.44855 4.30886 4.08546 3.82870 3.61972 3.62033 3.73498 4.08883 4.40829 4.59326 4.51814 4.27146 4.05156 3.78141 3.69933 3.68776 3.60607 3.34281 3.08945 2.98923 3.16332 3.31312 3.75765 4.29631 4.39177 4.10948 3.91237 3.70713 3.95065
4.89184 4.92036 4.91782 4.87904 4.65057 4.34944 4.09717 3.92564 3.73989 3.64410 3.63285 3.63081 3.86026 4.08586 4.18701 4.01042 3.80578 3.63788 3.47963 3.44122 3.53321 3.64675 3.65988 3.94130 4.31099 4.37350 4.30099 4.12972 4.00343 3.80900 3.51214 3.45869 3.74740 4.05445 4.25220 4.13869 4.11155 4.11912 4.00477 3.82328 3.89290 4.13986 4.49453 4.73207 4.72855 4.44589 4.22981 4.10243 3.93798 3.85982 3.66957 3.26443 3.03895 2.88717 2.94152 3.40401 3.57506 3.82414 3.82030 3.68452 3.41068 3.39636 3.63664
4.12564 4.01165 3.81703 3.60219 3.55151 3.56549 3.50509 3.52290 3.51105 3.48209 3.40702 3.47921 3.64866 3.65446 3.67517 3.54952 3.37396 3.12329 2.99690 2.93505 3.12505 3.46029 3.52914 3.68055 3.96373 4.18587 4.19669 4.17961 4.01474 3.84919 3.48973 3.11800 3.04873 3.17714 3.36274 3.78041 3.92931 3.87720 3.87225 3.88574 3.77857 3.85073 4.09346 4.29048 4.30059 4.06907 3.96510 3.93799 3.69689 3.67965 3.57522 3.34735 3.20982 3.16027 3.23511 3.39657 3.51387 4.05711 4.21647 3.31496 2.94023 2.92731 3.18698
4.02929 3.85402 3.60751 3.35964 3.38260 3.36846 3.31768 3.41875 3.45032 3.56698 3.69654 3.74344 3.76918 3.75096 3.67489 3.56195 3.41262 3.25498 3.20299 3.16434 3.14278 3.23114 3.43338 3.67789 3.81750 3.94970 4.10091 4.10752 3.89814 3.65779 3.55563 3.35023 3.32491 3.13222 3.16055 3.24546 3.43219 3.53849 3.46870 3.47849 3.48281 3.64714 3.89145 3.75994 3.50029 3.36034 3.29480 3.22426 3.08850 3.13477 3.18261 3.18791 3.05391 2.94416 3.04212 3.28324 3.40138 3.30723 3.30877 2.80681 2.64583 2.85360 3.38091
3.72140 3.58685 3.46101 3.36281 3.25020 3.27760 3.22972 3.18509 3.21048 3.31874 3.46239 3.40059 3.27960 3.25973 3.08255 2.94275 2.82636 2.78374 2.78929 2.82956 2.91918 2.93537 2.95351 3.09322 3.24408 3.50554 3.63774 3.76146 3.60118 3.27459 3.16077 3.16055 3.33802 3.32875 3.29144 3.28935 3.32964 3.36077 3.34736 3.16455 3.12887 3.33193 3.60988 3.57138 3.15875 2.75705 2.66188 2.65708 2.61427 2.56404 2.52020 2.55585 2.67467 2.75371 2.93806 3.27502 3.31478 3.20365 2.88052 2.63123 2.85409 3.18599 3.45845
4.03787 3.97699 3.93052 3.86550 3.76634 3.58034 3.42149 3.39023 3.31331 3.39549 3.63095 3.71488 3.66650 3.50502 3.30804 3.11466 3.01169 2.84819 2.74823 2.62269 2.56485 2.53011 2.63883 2.85818 3.02495 3.16890 3.41134 3.54818 3.50701 3.39752 3.35284 3.37632 3.40559 3.38988 3.44653 3.48908 3.37893 3.31559 3.19555 3.12752 3.23945 3.49205 3.45768 3.22256 2.91509 2.69534 2.64533 2.65103 2.69979 2.75619 2.64977 2.61627 2.61081 2.69538 2.88269 2.99096 2.96841 3.07925 3.16957 3.21838 3.33459 3.50259 3.72215
4.50570 4.38304 4.11502 3.91808 3.76869 3.80039 3.84891 3.98945 3.99528 4.00689 3.92325 3.86605 3.63345 3.41669 3.34717 3.23385 3.13497 3.06673 3.02415 2.87624 2.70423 2.63197 2.67838 2.83712 3.03735 3.11637 3.06139 3.20744 3.42032 3.44791 3.43180 3.30997 3.33975 3.49701 3.63211 3.79460 3.74978 3.73386 3.69583 3.61475 3.62183 3.75890 3.71792 3.41810 3.16376 3.04862 2.99224 2.95246 2.82098 2.77214 2.70307 2.80604 2.89316 2.92653 2.97948 3.14426 3.24433 3.34253 3.45413 3.55063 3.60693 3.74326 3.96831
