Tool-HazardMap/Data/StdMaxDayRain.txt
ncols         720
nrows         360
xllcorner     -180.000000000000
yllcorner     -90.000000000000
cellsize      0.500000000000
NODATA_value  -9999
[rows 112 to 139 of 360, columns 378 to 440 of 720]
12.62903 14.35613 15.72619 18.16044 13.97829 19.19874 17.45412 13.80523 11.35835 10.25094 11.36603 11.09855 12.20469 8.73954 12.81839 12.44547 13.38670 10.98714 10.19353 10.89608 11.01126 10.57125 11.74078 13.77633 14.45688 12.85446 12.59056 13.29500 12.82352 11.01671 9.39954 6.92927 6.38666 9.13232 10.54246 9.83091 8.32759 8.00705 6.40515 7.19369 6.47168 6.08694 6.04172 8.02487 8.75345 9.91304 8.46545 11.62477 11.27170 11.60487 9.63301 13.22636 15.78393 12.68604 8.29382 8.42129 7.73193 7.67457 6.96358 6.63170 6.63160 5.98852 7.99844
12.27055 15.69597 19.42478 18.54508 17.26687 16.48415 15.31854 14.53358 12.47440 11.36260 10.94472 9.15441 9.76194 11.72910 12.54469 11.41853 9.82707 11.40290 12.54873 12.99599 13.64880 12.77008 11.15676 10.68277 10.23381 8.57227 12.18989 12.47435 12.29100 10.31633 9.51632 9.85253 9.51371 9.57675 10.38466 9.54604 8.99244 8.38705 8.36437 7.56536 5.87664 5.63927 7.38265 10.14749 12.37611 12.84381 8.64480 6.53817 7.18532 8.85294 11.69495 13.54931 13.10460 11.29528 8.06563 7.58085 7.31108 7.05905 7.02629 7.05990 7.67011 6.94692 7.96997
10.75264 14.65994 17.90572 18.14330 15.21647 16.19466 12.82089 13.37711 13.68752 10.72420 13.38449 8.47482 11.34447 10.26559 10.01372 9.90267 8.48439 9.76843 11.44434 7.73480 9.87331 10.22633 10.12464 9.87584 11.08639 14.02024 15.57812 15.70835 15.97180 9.30009 7.60626 7.95860 8.41524 8.00851 7.56273 9.12192 9.64386 8.57713 8.92796 10.14178 7.03358 6.85833 6.36622 7.75747 7.85989 6.66979 6.99839 7.22656 6.86710 6.57960 11.69755 12.24461 10.71535 11.67803 8.99540 6.65848 7.09780 7.77379 9.92040 9.95664 10.06199 9.47420 8.32274
10.58567 12.05068 13.54303 11.31245 11.00370 12.68025 13.96871 15.30812 14.27882 10.11556 11.98046 14.19680 16.55245 17.07473 12.02005 11.81081 11.52865 10.81978 10.64509 7.53306 7.05357 8.83889 11.23885 10.49717 11.76259 13.77948 15.63207 18.53943 14.44718 12.03183 13.08921 11.53055 13.25433 9.33897 8.80050 7.51161 8.21458 8.38381 6.46789 6.07698 6.83755 6.44432 7.24686 9.48774 9.33390 9.88381 8.41836 7.83729 7.41674 8.55505 15.93198 10.52450 11.09001 12.53610 8.99440 7.27278 8.74895 7.88084 9.05225 9.11483 9.27639 8.79693 8.32049
13.00657 11.36725 11.67283 12.36019 11.18077 14.66854 15.04758 14.13553 11.96509 12.04213 10.64093 11.74329 14.29361 22.89654 20.80075 13.67996 13.61907 12.06250 9.51520 7.78604 8.59516 8.21200 8.96111 10.16017 11.64278 11.51044 14.57351 19.92810 16.85286 13.81655 12.76545 10.63271 10.25812 8.52234 6.61637 11.03173 11.90860 10.99905 9.14779 9.75113 8.40633 7.45857 7.94237 9.02103 6.63181 9.47149 7.05200 6.53822 7.59912 9.55699 11.14158 9.01211 10.96463 11.59237 11.99332 9.53634 7.62224 7.40013 7.12844 9.00016 9.45564 8.20329 7.67432
10.21087 9.32210 11.02295 13.21389 13.07189 14.16897 12.68474 10.79869 11.53628 11.26550 12.10558 12.34538 12.09407 11.77571 14.90690 14.02107 14.53175 9.28888 9.69334 8.31171 11.23555 14.97444 8.95400 8.20915 8.39330 8.17534 11.00849 13.13928 14.42935 14.01299 12.03545 10.05710 10.82598 9.73195 8.27602 10.28504 11.30474 8.29987 9.07840 11.37671 9.57255 9.82265 8.58626 6.41690 4.65316 6.74276 6.47462 5.69047 6.11863 7.94634 8.19738 9.06191 8.51366 10.59187 11.19992 10.60891 9.97761 9.18774 7.73469 9.26138 9.97438 7.95973 7.63797
8.63809 8.53144 10.16728 11.56396 14.48043 14.13683 11.89516 10.71860 11.05142 10.79189 10.73770 10.84773 8.58219 8.94890 9.25119 10.87913 12.08355 10.83246 8.01753 7.29244 12.44863 9.66693 6.71939 7.09683 7.92960 8.03805 7.47072 10.41233 10.44312 8.14063 6.99069 7.89255 8.12362 7.95114 8.04531 9.84869 9.97301 8.73060 9.03364 8.80312 9.05921 8.94609 6.32669 5.54512 5.01997 5.05864 5.54430 5.87298 6.07955 6.51713 7.02211 8.82663 8.84182 11.15362 8.74544 6.84010 8.06331 12.18322 8.45636 8.79493 8.39236 7.30758 8.90810
9.43856 9.70333 10.52582 12.00215 13.34274 13.54566 12.41665 12.76777 11.22103 11.05269 10.42305 9.33102 6.82089 8.12088 7.86577 8.88889 8.57726 8.86464 6.25112 7.01329 8.37029 9.28478 8.63464 7.72293 7.05546 6.16162 3.79744 3.39939 5.09199 6.06136 5.66808 6.41025 5.94153 4.88810 5.28224 8.06965 8.76583 7.71460 8.71045 8.74314 7.52811 6.47378 5.17274 4.17531 4.20911 4.19625 4.47551 4.30074 4.35739 4.98377 6.08156 8.44148 10.19387 9.56560 7.49749 7.03509 6.43121 10.01278 8.13463 7.85803 8.25852 10.39355 9.71348
8.49893 8.21302 8.26747 9.51273 10.12040 11.36654 11.42951 11.18576 12.93771 12.13891 9.79248 8.09967 6.53831 6.46728 8.02607 7.08414 7.76091 7.17948 7.36981 9.07441 6.37841 6.23631 6.90779 5.69639 4.28531 3.35428 3.49391 3.73445 5.28506 6.27059 6.31187 6.48323 4.73130 4.07288 3.23166 3.77002 4.99924 5.60899 6.66902 6.89963 4.91611 4.08942 4.23711 3.45454 3.84327 3.58137 3.44076 3.25872 4.04872 4.43275 5.64875 6.57598 6.37682 7.24897 7.89008 8.23780 6.75298 7.70927 6.17988 7.09170 7.03486 9.53177 9.62737
9.00944 8.59128 7.55537 7.62209 7.23891 9.17427 10.17873 10.58062 11.08241 9.07244 8.26190 7.02630 8.90370 9.60448 8.71297 7.94582 7.68121 8.23372 7.55005 6.49398 5.26714 4.01453 4.15520 3.55340 3.55048 3.66961 3.94517 4.10089 5.28663 5.79074 5.39555 5.73941 4.35974 3.83105 2.93257 2.66170 2.46198 2.45511 2.52689 2.23808 2.04519 3.23449 3.36286 4.11339 3.40369 2.15906 2.68010 3.90635 4.00455 4.64862 5.22367 6.65335 7.02058 6.57396 7.37128 9.13510 7.52917 7.40846 5.53826 6.23422 6.27806 7.97188 8.56612
10.45069 9.14320 9.57683 9.04064 8.72453 8.78940 8.92359 7.87920 7.00992 5.51483 5.16348 6.10978 10.66225 9.52871 8.75171 8.11631 9.39167 7.68409 5.88364 4.05986 4.11900 3.42090 3.15082 3.12453 4.43228 4.41295 4.64702 4.29919 5.39291 5.79654 5.26462 4.56217 4.02337 3.67969 3.44456 3.13254 1.97344 2.10130 2.57731 3.22414 3.32080 3.20918 3.30077 2.68124 2.41416 1.30322 2.30497 3.52152 4.47443 5.27027 7.65451 6.93982 7.04959 8.12655 9.34778 8.67507 8.40100 8.09400 6.93158 5.92915 6.48639 9.14504 8.45793
9.02604 10.10029 10.42052 9.71824 9.01788 7.34514 5.66854 4.34050 3.93409 4.01080 3.81246 5.23713 5.71147 5.57968 6.88864 7.38749 6.97430 5.99814 4.58296 3.92083 3.90043 3.86774 4.17318 4.19625 3.36738 3.80898 3.64124 4.05628 4.55128 5.05842 4.62188 3.74237 3.49799 3.16978 2.53565 2.01647 1.40562 1.61235 2.48982 3.08158 2.68639 2.62855 2.03371 2.27041 2.53118 1.77969 2.50263 4.27355 5.44548 4.73748 5.99617 7.41760 6.91331 11.43608 9.90993 9.31091 9.13661 9.72804 8.99313 7.41646 8.47109 9.23602 9.36972
8.02495 9.69746 9.13358 8.90398 6.76422 4.54403 4.20214 4.74427 4.35475 3.80759 3.69205 4.05710 3.75673 5.00170 5.59774 6.20023 7.40354 5.50863 4.63569 4.12890 3.30302 3.03378 2.48190 2.07723 2.67455 3.14303 3.21206 3.57731 4.12326 3.93752 3.88674 2.89070 2.54334 2.15252 1.61954 1.30425 1.51684 1.69270 1.79476 1.84362 2.10733 1.11188 2.02905 2.92716 4.83349 3.92590 3.28641 4.16580 4.28567 4.41944 7.01160 10.56221 9.42157 11.49499 12.92622 12.48931 12.01498 9.58324 9.41231 8.60244 8.22778 10.48960 10.74044
5.50584 6.50825 7.60445 6.93069 4.82070 3.91720 4.52430 4.26116 4.40718 3.88538 4.12665 4.34409 4.48243 4.72758 4.65528 4.20775 4.74640 4.78834 3.59968 1.99611 1.66612 1.51916 1.55606 1.77096 2.12335 2.18746 2.30811 2.39987 2.40805 3.04656 3.01869 2.03720 1.99103 2.23116 1.56399 1.80877 1.52770 1.64535 1.36892 1.42269 1.47456 1.44697 1.77382 2.93373 6.36148 4.76476 3.71443 2.82140 4.26743 8.72414 6.96594 8.53289 8.08629 10.15280 11.51893 13.62777 13.26016 10.82050 9.45308 9.51072 11.12690 11.53442 10.96079
5.00069 5.53893 5.50106 4.82676 3.45898 3.73852 4.09182 3.85481 4.27342 4.21030 4.85091 4.46301 4.80425 4.79420 4.57517 3.70769 3.10450 3.36240 2.23167 2.01223 1.58163 1.21909 1.68464 1.73699 1.88111 1.95607 2.41505 2.41534 2.02228 1.39137 1.66106 2.30799 2.20510 2.54357 1.68600 1.83492 1.49969 2.12000 1.91835 1.83416 1.38651 1.57574 2.15476 4.40776 5.30700 4.99075 3.26359 4.81605 4.61798 8.18048 4.89424 8.01426 8.94098 14.85327 14.87060 14.57332 14.58508 11.30466 10.14334 8.78048 8.03565 7.38561 10.23886
4.96394 4.09942 3.35894 3.50029 3.34037 3.24491 3.77440 3.93417 4.16716 4.09662 4.95162 4.71380 3.96070 3.26260 4.53467 5.63999 5.39800 3.50094 1.71450 1.62287 2.59547 2.38270 2.23341 2.38807 2.64897 2.76762 2.57315 2.15698 1.55458 1.18192 1.02248 1.21197 1.43255 2.50284 2.22926 2.00645 1.66566 2.15345 1.50044 1.08098 0.73136 0.65612 1.12177 1.95844 2.95452 3.49774 3.29255 3.92516 4.55520 5.25753 4.22107 7.42898 10.65364 8.87609 15.27417 15.42495 15.70004 10.91374 10.31587 8.40797 8.11194 7.26396 8.24923
3.98721 3.68861 3.23670 3.87764 3.45265 3.10380 3.45487 3.75114 4.06948 4.35045 4.66833 4.44059 4.10447 4.05766 4.44177 4.82052 4.31668 3.17611 2.08659 2.54000 2.86210 2.69512 2.46346 2.57113 2.80519 2.59015 2.12038 1.62547 1.20371 0.80437 1.19501 0.85162 0.98309 1.66989 2.06345 1.54454 1.19144 1.26918 0.92631 0.49428 0.48661 0.51150 0.66138 1.32243 1.30915 2.82234 3.64585 3.59662 3.78599 3.81614 4.11701 4.19792 6.84869 7.79135 13.70771 15.50594 12.87083 9.60378 9.41630 9.18574 8.95640 8.38411 8.29862
5.01135 3.69123 3.87275 3.89704 3.88554 3.26222 3.28375 3.45618 3.38074 3.67561 3.68401 4.07863 4.07070 4.57167 4.16213 4.25174 3.90637 2.59538 2.13875 2.47467 2.65362 2.53153 2.33495 2.48664 2.33227 2.02811 1.57811 1.17859 0.86198 0.90223 1.06023 0.84213 0.81723 1.04170 1.09506 0.93025 0.61578 0.74540 0.55928 0.72080 0.70307 0.74484 0.68129 1.38103 2.11771 2.12060 2.85046 3.56019 3.52758 3.33343 5.67445 3.60656 4.56145 6.82710 10.06689 12.33071 11.56962 10.09728 9.90276 9.15396 9.10221 8.86583 8.46191
6.87998 5.54423 4.10960 4.12049 4.41379 4.34835 3.40327 3.34783 3.39991 3.84508 3.64967 3.51441 4.08814 3.93398 3.60821 2.95847 2.20949 1.40665 1.83138 2.04447 2.03327 2.03520 1.97263 1.86263 1.73390 1.48241 1.25289 1.16548 1.24542 1.22157 1.15945 0.94008 1.07984 1.12269 0.75361 0.60392 0.47952 0.49403 0.66656 0.70461 0.75653 0.70687 0.61871 1.50456 1.91688 1.77642 2.39204 2.38712 2.49793 2.17699 2.43693 3.15537 5.88510 6.42666 8.84881 13.77410 13.43946 12.80566 11.53370 9.81238 10.35456 10.06253 10.19260
7.55051 6.36366 4.89165 4.83024 4.97812 4.55754 3.10329 2.73778 3.40198 4.50379 3.65430 3.59647 3.18834 2.73184 2.13167 1.39761 1.16248 0.73067 1.15399 1.52040 1.57891 1.60981 1.57458 1.46546 1.32527 1.03150 1.11934 1.31769 1.16317 1.04406 1.55701 1.16541 1.03440 0.88059 0.52103 0.28370 0.20682 0.33725 0.47488 0.50297 0.34625 0.40315 0.73483 1.48106 1.44358 1.22497 1.60576 1.37391 1.20566 1.44142 1.75891 3.70440 3.64398 7.61213 8.74735 9.85822 9.35953 10.82790 14.04069 11.95412 11.51968 11.39981 11.86984
5.25260 6.74507 4.85492 5.06331 4.74905 3.83421 3.42295 3.20676 4.00735 4.15818 3.13954 3.06747 2.43242 1.71710 1.56920 0.90184 0.93493 1.12882 0.92557 1.21339 1.37356 1.58394 1.53798 1.26144 0.95581 1.13905 0.88425 1.21479 1.39447 1.18397 1.28308 1.26465 0.82542 0.75398 0.45857 0.27226 0.20995 0.23772 0.23714 0.17512 0.12896 0.18696 0.47128 0.70329 0.91399 1.26389 1.45611 0.93314 0.85397 1.26426 2.21034 2.86134 4.88686 8.32206 7.78276 6.90481 11.01080 13.41820 11.84757 13.89434 11.62046 11.46928 10.90675
4.72391 4.66740 4.06051 4.43369 3.87110 3.19888 2.93251 2.70909 3.11712 3.69557 2.93254 2.09418 1.37408 1.44617 0.75537 0.54656 0.65193 0.76723 0.82932 0.83425 0.88173 1.14027 0.87516 0.78613 0.94769 1.08113 0.84530 1.15648 1.31084 1.17186 1.19610 1.12673 0.76295 0.63219 0.38293 0.17434 0.08178 0.08745 0.07759 0.05329 0.04704 0.13537 0.45571 0.60091 0.64324 0.64118 0.69592 0.69339 0.74208 0.97562 2.55902 2.72924 6.88594 6.44193 5.81041 6.61276 6.82264 11.58598 9.70240 13.85381 12.12938 9.58120 8.62772
3.63878 3.38989 3.53678 3.24512 3.20692 3.03010 2.48386 2.18123 2.76339 2.24804 1.55644 2.49760 2.14948 1.52415 0.70429 0.82126 1.82043 1.05641 0.82464 0.88858 1.01973 0.88449 0.61892 0.67133 0.83721 1.02168 1.22943 1.06539 0.95750 0.89413 1.12000 0.91763 0.59590 0.54288 0.28848 0.12746 0.01996 0.01331 0.01440 0.00924 0.06211 0.33640 0.57708 0.48142 0.60680 0.54441 0.61232 0.65998 0.89482 1.02535 2.48995 4.83821 7.51471 10.50216 10.49432 6.39784 6.69662 8.32363 10.04094 19.53690 28.81673 16.83580 10.88920
3.12819 3.83101 3.62490 3.18448 2.41887 2.37988 2.06280 1.66748 1.80020 2.66081 3.36352 2.95401 2.80374 2.62888 2.33597 1.70418 2.67984 2.14929 1.06082 1.61957 1.62342 1.27443 1.04157 0.62780 0.86076 1.25440 1.17008 1.03048 0.77420 1.43021 0.87927 0.52175 0.44995 0.39655 0.24740 0.12660 0.01130 0.00496 0.00341 0.03169 0.11342 0.28670 0.56716 0.61518 0.69250 0.52579 0.85518 0.90342 0.98910 0.98427 2.57882 5.58780 6.41308 12.29305 10.59847 14.13418 7.33865 7.16114 9.09319 24.22897 25.20615 14.74447 12.96724
4.86467 3.67107 3.33043 2.41782 1.59425 1.65853 3.00998 1.88630 2.06215 2.67977 3.20017 3.31302 4.19451 3.03020 2.86838 3.45264 1.95574 1.78692 1.48794 1.77300 1.58034 1.43635 0.89833 0.98623 1.80072 0.85399 0.83069 0.69868 0.78498 1.08453 0.64066 0.47975 0.38865 0.23859 0.18336 0.07295 0.00736 0.01860 0.07163 0.10583 0.14183 0.29521 0.54485 0.81665 0.81031 0.84430 0.83242 0.92528 1.01759 1.10549 1.92566 5.32052 5.52459 7.19099 9.70184 14.97847 6.43617 7.42413 11.60348 32.73681 23.16244 16.03079 11.88344
6.69577 4.84884 4.30169 3.37317 3.07785 2.93435 4.52423 2.65336 2.26794 2.02391 3.12942 4.63220 4.60044 4.35244 4.55026 2.80790 2.72136 1.83250 2.18897 2.04821 2.15348 1.46320 0.89151 1.30059 1.34513 1.11595 1.53554 0.97133 0.78786 0.75764 0.75282 0.34209 0.24823 0.24718 0.20020 0.11122 0.14039 0.23928 0.30603 0.31863 0.39952 0.59192 0.69399 0.80462 1.03703 1.06586 0.95292 1.19104 1.22986 1.48675 1.69280 3.20210 4.36322 6.57355 7.16253 10.43220 15.85041 8.91778 14.54595 35.49363 22.74767 19.56211 12.55742
4.90622 6.13282 5.20861 5.69492 5.88268 3.08463 3.30068 3.47479 3.25365 2.38133 2.80440 3.51545 7.29245 4.56380 5.79356 5.00772 2.88724 2.02062 2.53860 2.17726 1.93929 1.60070 1.18416 1.19973 1.74524 1.50399 1.16548 1.43043 1.70504 1.35432 1.26142 0.99311 0.36248 0.19785 0.36878 0.34544 0.47178 0.44091 0.66858 0.73695 0.84094 1.20530 1.17192 1.44385 1.19202 1.20287 1.10499 1.42648 3.00155 2.92943 3.50518 3.67308 4.03833 6.29865 4.59067 8.69839 18.59335 8.13595 12.28817 13.81360 20.39582 19.63719 18.95850
3.75647 5.43964 6.49284 6.73442 5.73183 3.12010 1.93490 2.26126 4.29391 6.06790 3.88679 3.99743 5.05214 5.20831 7.06866 5.70499 4.41552 3.52714 2.93871 2.44464 2.10010 1.79877 2.24419 2.62210 2.92307 2.64348 2.69841 2.21983 2.48027 2.35870 2.34240 1.83919 1.30071 0.45000 0.60832 0.85927 1.10358 0.83768 1.28622 1.81698 1.90107 1.77273 2.08652 2.70755 2.45746 1.98860 2.51512 2.14193 3.15713 4.07101 2.39252 3.52979 4.95909 4.86939 3.96374 10.08351 14.88607 7.50478 6.87929 10.28917 11.05282 17.48906 12.45005
