Tool-HazardMap/Data/StdMaxDayRain.txt
ncols         720
nrows         360
xllcorner     -180.000000000000
yllcorner     -90.000000000000
cellsize      0.500000000000
NODATA_value  -9999
[rows 0 to 27 of 360, columns 441 to 503 of 720]
3.37857 3.39383 3.37150 3.38565 3.40053 3.39407 3.40821 3.42274 3.43665 3.37591 3.39042 3.40402 3.41877 3.26787 3.28211 3.29633 3.31037 3.20323 3.21622 3.23046 3.11047 3.12265 3.13505 3.14747 2.75731 2.76692 2.77605 2.78594 2.19805 2.20319 2.20842 2.21365 1.98423 1.98212 1.98068 1.96709 1.96549 1.96435 1.96382 2.02283 2.02173 2.02046 2.01921 1.83972 1.83873 1.83787 1.83662 1.72212 1.72213 1.72202 1.73054 1.73043 1.73017 1.73015 1.75239 1.75232 1.75280 1.75323 1.72721 1.72762 1.72794 1.72841 1.80401
3.19148 3.23211 3.24550 3.28600 3.32813 3.37466 3.41578 3.45852 3.50253 3.49494 3.53864 3.58058 3.62181 3.53494 3.57542 3.61662 3.65688 3.55827 3.59635 3.63109 3.48897 3.51902 3.54869 3.57916 3.13153 3.15587 3.17829 3.20060 2.48080 2.49115 2.49998 2.50916 2.05586 2.05387 2.05176 1.97945 1.97822 1.97746 1.97675 1.99586 1.99540 1.99510 1.99425 1.86945 1.86941 1.86920 1.86858 1.81252 1.81154 1.81089 1.84798 1.84713 1.84692 1.84726 1.91679 1.91717 1.91789 1.91877 1.93253 1.93109 1.92996 1.92886 1.99705
3.02019 3.02020 3.02703 3.05895 3.11028 3.15880 3.20858 3.25934 3.31272 3.30638 3.35662 3.40624 3.45408 3.42113 3.46983 3.51988 3.57037 3.50579 3.54407 3.57188 3.43328 3.45875 3.48497 3.51131 3.12189 3.13006 3.13856 3.14628 2.52492 2.51805 2.50548 2.48945 2.03267 2.02092 2.00951 1.94678 1.94103 1.93596 1.93175 1.87866 1.87214 1.86621 1.86054 1.84268 1.84080 1.83936 1.83837 1.85709 1.85373 1.85143 1.90271 1.90074 1.89802 1.89614 1.98934 1.98710 1.98502 1.98278 2.01718 2.01494 2.01345 2.01244 2.07670
3.41473 3.39621 3.40321 3.39797 3.40397 3.41640 3.39488 3.37775 3.36697 3.35217 3.32363 3.29242 3.25575 3.22506 3.19793 3.16289 3.11591 3.04161 2.94798 2.88349 2.83465 2.79014 2.74743 2.70781 2.65462 2.59452 2.55167 2.51767 2.38708 2.25989 2.19470 2.18514 2.04696 1.95064 1.88466 1.85362 1.87438 1.88678 1.90588 1.93285 1.96761 2.01020 2.06035 2.02233 1.97188 1.88623 1.82182 1.86626 1.93169 2.00896 2.05753 2.05063 2.04832 2.04744 2.04414 2.02603 2.00782 1.99381 2.01275 2.06748 2.14330 2.21013 2.16332
3.48862 3.45370 3.44477 3.42480 3.40833 3.39837 3.37988 3.36178 3.34550 3.31085 3.24835 3.18580 3.12479 3.06512 3.00698 2.95247 2.89312 2.79284 2.69400 2.61590 2.54959 2.49259 2.44136 2.39193 2.34245 2.29913 2.27502 2.26956 2.21080 2.14885 2.11575 2.11947 2.05261 2.01426 1.93952 1.89587 1.93994 1.97946 2.02625 2.07556 2.12995 2.18640 2.22568 2.19013 2.13203 2.07169 1.99332 2.03778 2.08972 2.14642 2.17911 2.15662 2.13531 2.12470 2.12365 2.13017 2.14439 2.16478 2.18381 2.20583 2.23838 2.27584 2.24788
2.92082 2.88522 2.85544 2.82930 2.81039 2.79133 2.76501 2.73970 2.71340 2.67873 2.63830 2.59732 2.55631 2.51580 2.47477 2.43135 2.39539 2.33568 2.27328 2.21629 2.16669 2.14221 2.12222 2.10988 2.10410 2.10853 2.09834 2.09087 2.06465 2.05872 2.08208 2.13414 2.10936 2.04726 1.96920 1.92193 1.93676 1.96040 1.98832 2.01709 2.04416 2.07397 2.10546 2.08763 2.05077 2.01014 1.98305 1.99696 2.02850 2.04872 2.03879 2.00032 1.97775 1.96046 1.94893 1.95074 1.96217 1.98551 2.00082 2.00387 2.00321 2.00553 1.99259
2.99272 2.97372 2.96436 2.95774 2.95760 2.95996 2.96487 2.95677 2.93002 2.89597 2.85576 2.81737 2.78104 2.73616 2.69744 2.66765 2.64118 2.56672 2.48551 2.39278 2.31710 2.28838 2.26300 2.24539 2.23369 2.22075 2.21433 2.21018 2.16564 2.14209 2.15599 2.20288 2.15309 2.10320 2.05474 2.03165 2.03877 2.04941 2.06297 2.08253 2.10718 2.13597 2.17302 2.19019 2.19284 2.16588 2.14054 2.15739 2.19321 2.24097 2.27140 2.25060 2.22729 2.17756 2.10194 2.02907 1.97642 1.94415 1.91956 1.89774 1.87367 1.85881 1.86459
4.00461 3.95930 3.93078 3.90936 3.87820 3.85114 3.83428 3.81487 3.77916 3.72703 3.67826 3.62442 3.56359 3.50923 3.46469 3.41354 3.36344 3.28820 3.20930 3.11502 3.03176 2.98188 2.93679 2.89624 2.84112 2.76666 2.68799 2.61881 2.48668 2.37653 2.32486 2.32419 2.28765 2.25822 2.21549 2.19415 2.21016 2.23324 2.25960 2.29156 2.32847 2.36263 2.39798 2.42096 2.44273 2.45054 2.45384 2.49939 2.55078 2.60306 2.64428 2.62641 2.60113 2.58089 2.55576 2.50680 2.44736 2.38808 2.34613 2.31024 2.27627 2.24661 2.19587
3.30593 3.23900 3.19184 3.14676 3.10343 3.06758 3.05350 3.03719 3.00505 2.96424 2.91563 2.86256 2.81512 2.79708 2.79869 2.79442 2.78183 2.74767 2.69069 2.61832 2.54601 2.50581 2.47196 2.44433 2.41880 2.39236 2.37389 2.37248 2.35046 2.33529 2.33888 2.36755 2.33312 2.29930 2.27187 2.24900 2.25229 2.26501 2.28684 2.31286 2.34252 2.37145 2.40345 2.43953 2.45801 2.48226 2.50673 2.57289 2.63659 2.71079 2.76142 2.73895 2.71255 2.68745 2.66089 2.62350 2.58999 2.55934 2.53167 2.50393 2.47448 2.44399 2.38959
3.06775 3.05112 3.08186 3.10515 3.11066 3.11349 3.11274 3.10935 3.10370 3.07883 3.03539 2.99201 2.95067 2.90819 2.87053 2.83755 2.80480 2.75907 2.71039 2.63362 2.56746 2.53250 2.49279 2.44876 2.40741 2.37202 2.34972 2.34187 2.33628 2.33332 2.34378 2.35622 2.34050 2.32458 2.31704 2.31500 2.31840 2.33421 2.35847 2.37862 2.39707 2.42440 2.45381 2.49603 2.55169 2.60249 2.63666 2.66136 2.70134 2.75431 2.80664 2.80087 2.75958 2.71990 2.68782 2.66374 2.63958 2.60481 2.56422 2.53604 2.50943 2.48090 2.43921
2.96156 2.96562 3.00109 3.03592 3.05773 3.06738 3.08091 3.08754 3.09057 3.08669 3.08067 3.07519 3.06773 3.06065 3.05794 3.04552 3.03739 3.03193 3.03745 3.03654 3.02803 3.02806 3.02329 3.01146 3.00094 2.98876 2.97900 2.97331 2.96027 2.93962 2.92507 2.91696 2.90958 2.89193 2.86527 2.82615 2.78873 2.75680 2.74052 2.73823 2.74424 2.75352 2.76169 2.77031 2.79715 2.84701 2.88951 2.92884 2.98584 3.06350 3.13152 3.16039 3.13569 3.08529 3.03898 2.97198 2.90180 2.84041 2.81781 2.80159 2.78286 2.76767 2.76469
3.03034 3.02771 3.04239 3.05598 3.05786 3.05234 3.02703 3.00421 2.98151 2.96335 2.94330 2.92652 2.91377 2.92987 2.96410 2.99200 3.01810 3.03638 3.06077 3.07344 3.07328 3.06906 3.06651 3.06341 3.05641 3.06142 3.07157 3.08789 3.09270 3.10331 3.13865 3.15664 3.15128 3.14436 3.12340 3.10580 3.09377 3.07940 3.06566 3.05500 3.05864 3.06941 3.07963 3.09029 3.09436 3.10693 3.14256 3.13036 3.14683 3.17359 3.19882 3.19556 3.19110 3.17417 3.11820 3.05718 3.01041 2.95189 2.90406 2.84094 2.76801 2.69945 2.63668
3.21368 3.21167 3.21443 3.21648 3.22545 3.20146 3.14315 3.09809 3.05816 3.02397 2.98973 2.95981 2.93260 2.91639 2.90162 2.89904 2.89299 2.87595 2.86478 2.85227 2.84887 2.86004 2.87765 2.88612 2.89199 2.88809 2.89195 2.90885 2.91248 2.90373 2.90675 2.90330 2.91246 2.92899 2.91424 2.88128 2.87834 2.89398 2.91200 2.93467 2.95977 2.98594 3.02648 3.03092 3.03734 3.04355 3.06814 3.07017 3.10003 3.13324 3.15315 3.17415 3.20445 3.23092 3.21990 3.18437 3.12631 3.04071 2.94643 2.84049 2.72531 2.60531 2.50765
3.46211 3.47553 3.49062 3.51523 3.46877 3.33799 3.16261 3.05814 2.98986 2.96943 2.91391 2.85372 2.80503 2.78341 2.77400 2.76453 2.76013 2.77683 2.79754 2.80440 2.79826 2.77795 2.78163 2.78111 2.76537 2.75202 2.74643 2.72209 2.66891 2.61760 2.58379 2.56620 2.57455 2.59083 2.62279 2.65870 2.66638 2.67548 2.69294 2.71442 2.73959 2.76566 2.81550 2.86906 2.91507 2.92939 2.96466 2.97089 2.98971 3.01461 3.01886 3.05346 3.09434 3.14437 3.18541 3.18206 3.14902 3.10150 3.04524 2.95911 2.86291 2.77533 2.75098
3.29452 3.30869 3.32435 3.29402 3.22115 3.13770 3.02602 2.94132 2.85292 2.77776 2.73267 2.79078 2.84868 2.84639 2.82303 2.79945 2.77119 2.80188 2.85553 2.88353 2.89076 2.87922 2.87139 2.87164 2.90392 2.93878 2.98311 2.97416 2.93059 2.90440 2.88995 2.87536 2.90528 2.96309 3.08526 3.20631 3.17043 3.14766 3.14535 3.07841 2.96106 2.87599 2.81386 2.80132 2.84737 2.88362 2.93382 2.96216 2.98745 2.97719 2.99070 3.01191 3.02352 3.03202 3.07642 3.12943 3.16384 3.17704 3.16206 3.13188 3.09243 3.06013 3.04681
3.22586 3.29095 3.31621 3.35468 3.41284 3.44700 3.39071 3.30613 3.21562 3.10940 3.10201 3.15959 3.24713 3.26856 3.25685 3.26039 3.29901 3.37216 3.43231 3.50086 3.51804 3.47727 3.49692 3.55674 3.57194 3.55844 3.55300 3.57687 3.59906 3.57965 3.57049 3.58249 3.74758 3.96491 4.22631 4.39341 4.19326 4.02438 3.89309 3.72433 3.51638 3.34912 3.21042 3.16530 3.15907 3.15980 3.18180 3.23309 3.27875 3.31595 3.31889 3.23447 3.16197 3.12376 3.08550 3.09817 3.12524 3.15727 3.14209 3.08948 3.02608 2.99531 2.99465
4.37814 4.45887 4.50556 4.60203 4.74858 4.86196 4.83136 4.74303 4.55814 4.30536 4.01277 3.77840 3.88217 3.86438 3.79224 3.73855 3.67960 3.65511 3.68038 3.74315 3.84658 3.92758 4.03595 4.14890 4.11718 4.03442 3.93110 3.83666 3.73552 3.67972 3.65280 3.58732 3.55970 3.59919 3.75922 3.86948 3.70506 3.56504 3.43453 3.36301 3.26522 3.14870 2.99187 2.91505 2.87571 2.85523 2.91250 3.02414 3.10106 3.15814 3.19981 3.15936 3.14758 3.16423 3.21243 3.33060 3.42236 3.47162 3.47554 3.47029 3.43343 3.39795 3.38106
5.53548 5.55740 5.49103 5.35014 5.33531 5.28062 5.04742 4.83920 4.61752 4.38715 4.25609 4.28540 4.33878 4.29080 4.17113 4.02427 3.85799 3.74274 3.67048 3.67106 3.69620 3.69268 3.67877 3.64012 3.61854 3.72547 3.80468 3.95864 4.17752 4.15107 8.16474 8.80845 9.28327 5.56834 5.64753 5.58466 4.38447 3.90452 3.61764 3.41133 3.27334 3.18830 3.10001 3.09134 3.13351 3.14866 3.17437 3.14894 4.53167 6.40811 3.22908 3.35290 3.46261 3.60910 3.77163 3.90463 3.97259 4.03582 4.11257 4.14460 4.12565 4.12799 4.13103
6.09754 6.17770 6.22357 6.11320 5.95643 5.70130 5.17320 4.84440 4.59095 4.36728 4.38152 3.62308 3.58500 6.69561 4.47686 5.75821 3.60954 5.68268 5.13156 2.17838 1.82247 3.79568 3.66105 3.50480 3.43558 3.63981 3.66810 3.19767 6.91085 7.79973 5.18928 5.88316 11.55734 12.24720 12.50928 12.71572 6.93499 6.83518 12.35631 6.47079 6.28939 6.13044 5.96486 5.58509 5.50533 5.42870 5.32728 5.12152 4.59928 4.56550 3.91568 3.92854 3.93075 3.94186 3.98020 4.15583 4.34256 4.49932 4.57343 4.57381 4.54952 4.54878 4.61378
5.58045 5.54465 5.51351 5.49855 5.49375 5.55037 5.29898 4.90233 4.62142 4.72706 4.89949 3.17107 3.02979 5.44560 5.02153 4.46535 4.01563 2.39901 1.89874 1.63110 4.45769 4.33762 4.19252 1.96150 2.09754 2.18708 3.91673 3.81664 3.62512 3.56503 3.94222 8.20219 9.42327 5.97036 11.50024 6.61648 6.82660 6.37037 6.43482 6.47169 6.31960 6.07946 3.95998 4.05659 4.15714 4.18040 4.15400 4.13248 4.13214 4.15714 4.22315 4.35014 4.49686 4.64918 4.77467 4.87960 5.01775 5.08269 5.12442 5.18439 5.16564 5.03296 4.94446
4.91789 4.79103 4.60216 4.43896 4.29668 4.25309 4.19325 4.14643 4.07681 4.05738 4.23832 4.46818 4.55835 4.54316 4.53890 4.51495 4.43451 4.29768 4.17772 4.02743 3.93120 3.89080 3.85977 3.92159 4.05396 4.14394 4.30406 4.42999 4.37258 4.30475 4.25953 4.26738 4.38251 4.41713 4.35409 4.34174 4.28369 4.29106 4.31011 4.37410 4.51624 4.66511 4.82394 4.92119 5.06312 5.28021 5.31154 5.27035 5.16023 4.94792 4.92693 4.95450 5.03624 5.12526 5.15914 5.20059 5.28057 5.35077 5.47911 5.66941 5.74147 5.75519 5.83459
5.34204 5.20510 5.16459 5.05274 4.93418 4.85042 4.79799 4.73395 4.64236 4.68171 4.82985 4.95087 4.88019 4.83214 4.80284 4.74321 4.70112 4.44998 4.23238 4.08506 4.05879 4.25959 4.59984 4.83463 5.04392 5.34609 5.68212 5.97241 6.10145 6.06225 5.98950 5.87825 5.64514 5.41652 5.20835 5.02534 4.91479 4.85049 4.80806 4.87553 5.02612 5.15228 5.22925 5.25404 5.26983 5.39751 5.45890 5.42178 5.44762 5.54392 5.68969 5.84369 5.94835 6.02522 6.06631 6.07455 6.10473 6.15338 6.25756 6.38741 6.56161 6.79288 7.13284
5.45623 5.55416 5.56155 5.48554 5.39377 5.30222 5.16741 5.05119 5.01817 5.05540 5.14605 5.28884 5.39486 5.33441 5.38119 5.28737 5.07939 4.82896 4.66552 4.59619 4.64605 4.98138 5.35118 5.56795 5.80806 6.10269 6.36847 6.61202 6.61582 6.43059 6.27658 6.04334 5.97431 6.00377 6.08768 6.20144 6.38144 6.52676 6.67103 6.66631 6.57752 6.51459 6.60729 6.76135 6.86012 6.95756 7.06177 7.07773 7.23845 7.42271 7.39897 7.30899 7.29228 7.24864 7.17381 7.21763 7.32502 7.57510 7.79664 7.92653 8.02505 8.05739 8.08085
5.76400 5.82371 5.83372 5.92158 6.02133 6.17770 6.31362 6.38154 6.43221 6.43642 6.43309 6.45493 6.41766 6.44077 6.49829 6.57040 6.65419 6.34602 6.04095 5.69959 5.46502 5.62379 5.80806 5.98866 6.13020 6.26183 6.42506 6.57179 6.69050 6.71962 6.63846 6.61696 6.86443 7.18074 7.48623 7.71090 7.85008 8.02848 8.19025 8.14621 7.96313 7.86126 7.83143 7.77009 7.75769 7.81310 7.90265 7.71785 7.51329 7.28147 7.05892 7.10254 7.22765 7.41092 7.47885 7.44626 7.44534 7.52601 7.76713 7.94004 8.02238 8.01487 7.71916
6.04453 6.03198 6.11663 6.25855 6.42659 6.54221 6.60385 6.52726 6.39461 6.25229 6.20775 6.35959 6.57008 6.79021 6.83415 6.72372 6.72584 6.49719 6.18737 5.88846 5.66888 5.68273 5.59777 5.59567 5.71560 5.95668 6.15302 6.09287 5.89497 5.79003 5.77130 5.75906 5.98636 6.21816 6.45000 6.63852 6.70900 6.70464 6.66860 6.60772 6.56337 6.56380 6.60302 6.62230 6.57274 6.55269 6.56759 6.37988 6.19348 5.93897 5.71825 5.66197 5.42396 5.19042 5.14177 5.15898 5.29158 5.39097 5.61299 5.83860 6.04561 6.26248 6.28349
6.87773 6.91608 7.00122 7.00047 6.93194 6.90785 6.85660 6.73014 6.70592 6.78978 6.97605 7.17590 7.07074 6.77166 6.71478 6.75423 6.67842 6.59160 6.57296 6.55172 6.50936 6.59236 6.70866 6.85295 6.90689 6.98641 7.05126 7.07147 6.86110 6.62673 6.30837 5.96513 6.13544 6.24416 6.37662 6.45223 6.22767 5.96981 5.81459 5.67933 5.54319 5.39635 5.15939 4.95845 4.94892 5.14915 5.41501 5.54947 5.64243 5.47389 5.35416 5.37060 5.32927 5.11434 5.02291 5.11690 5.19848 5.30661 5.32857 5.20976 5.12436 5.19498 5.31013
7.79089 7.87834 7.92485 7.80009 7.67909 7.65938 7.79751 7.74303 7.83798 7.96894 7.94782 7.59275 7.14161 6.95341 6.90867 6.94077 7.08823 7.27168 7.42509 7.55726 7.67627 7.80637 7.86799 7.88565 7.84250 7.81753 7.79730 7.69310 7.46330 7.14673 6.62195 6.10358 6.09379 6.05517 6.02596 6.08388 6.00798 6.02801 6.12393 5.93278 5.70297 5.51725 5.45483 5.35661 5.31475 5.18176 5.18594 5.57099 5.84764 6.07401 3.95246 4.44655 4.43122 4.14801 4.20894 4.36858 4.45785 5.71355 5.68792 5.32591 5.06951 5.03473 5.14761
7.80780 7.80884 7.89317 7.80401 7.64104 7.61221 7.60419 7.35101 7.04139 6.49232 6.00199 5.65194 5.41386 5.44317 5.70243 6.08469 6.42763 6.62402 6.76592 6.88603 7.04146 7.11142 7.11364 7.02703 6.84256 6.64795 6.48933 6.33094 6.00640 5.58225 5.06499 4.53793 4.37596 4.43334 4.58722 4.77047 4.81413 4.82911 4.89512 4.68967 4.83099 5.05503 4.99004 5.06554 4.84111 4.02195 3.82444 3.57293 3.58695 3.88877 3.88697 3.94065 4.04090 3.96906 4.08016 4.13579 4.20301 5.51677 5.12710 5.07629 5.22881 5.31243 5.38569
